>ARX_L343Q/327..387
A | 0.235171  0.156571  0.033247  0.932045  0.982863  0.003539  0.035647  0.599627  0.269449 
C | 0.252273  0.326800  0.020192  0.014095  0.010694  0.003638  0.021824  0.021328  0.219448 
G | 0.281211  0.108719  0.015043  0.041071  0.000371  0.022253  0.073230  0.332798  0.333915 
T | 0.231345  0.407910  0.931519  0.012789  0.006072  0.970570  0.869299  0.046247  0.177188 

>CRX_V66I/38..98
A | 0.226611  0.201637  0.037473  0.962430  0.982983  0.007254  0.031712  0.036848  0.170385 
C | 0.243443  0.299551  0.005648  0.009679  0.010811  0.000000  0.912622  0.757626  0.329994 
G | 0.304015  0.122350  0.007409  0.010830  0.000434  0.079979  0.006584  0.037287  0.286489 
T | 0.225931  0.376462  0.949470  0.017061  0.005772  0.912767  0.049082  0.168240  0.213132 

>ESX1_K193R/138..198
A | 0.244750  0.154520  0.038850  0.525557  0.975962  0.015511  0.025686  0.575527  0.257016 
C | 0.257279  0.337063  0.026524  0.000000  0.007123  0.005213  0.010786  0.014399  0.237526 
G | 0.286449  0.124308  0.007695  0.437398  0.007244  0.011246  0.105619  0.377864  0.336026 
T | 0.211522  0.384110  0.926932  0.037045  0.009672  0.968030  0.857910  0.032209  0.169431 

>HESX1_E149K/107..167
A | 0.221205  0.206771  0.056197  0.907317  0.981186  0.015661  0.060205  0.402784  0.215488 
C | 0.256291  0.300520  0.023897  0.008309  0.009484  0.024238  0.047088  0.035411  0.258125 
G | 0.298285  0.132572  0.008602  0.060795  0.001793  0.003122  0.079120  0.481203  0.336632 
T | 0.224220  0.360137  0.911304  0.023580  0.007538  0.956979  0.813588  0.080602  0.189755 

>HESX1_N125S/107..167
A | 0.221205  0.206771  0.056197  0.907317  0.981186  0.015661  0.060205  0.402784  0.215488 
C | 0.256291  0.300520  0.023897  0.008309  0.009484  0.024238  0.047088  0.035411  0.258125 
G | 0.298285  0.132572  0.008602  0.060795  0.001793  0.003122  0.079120  0.481203  0.336632 
T | 0.224220  0.360137  0.911304  0.023580  0.007538  0.956979  0.813588  0.080602  0.189755 

>HESX1_R160C/107..167
A | 0.221205  0.206771  0.056197  0.907317  0.981186  0.015661  0.060205  0.402784  0.215488 
C | 0.256291  0.300520  0.023897  0.008309  0.009484  0.024238  0.047088  0.035411  0.258125 
G | 0.298285  0.132572  0.008602  0.060795  0.001793  0.003122  0.079120  0.481203  0.336632 
T | 0.224220  0.360137  0.911304  0.023580  0.007538  0.956979  0.813588  0.080602  0.189755 

>HOXB7_K191R/136..196
A | 0.223230  0.156326  0.063975  0.284018  0.972422  0.016832  0.011686  0.538291  0.197754 
C | 0.245319  0.141798  0.026619  0.070323  0.006983  0.065838  0.085597  0.033645  0.371312 
G | 0.235628  0.144293  0.030595  0.513838  0.007722  0.021702  0.408258  0.368446  0.228909 
T | 0.295823  0.557584  0.878811  0.131820  0.012873  0.895628  0.494459  0.059618  0.202025 

>HOXB7_M190L/136..196
A | 0.221313  0.128523  0.060160  0.770602  0.973482  0.002423  0.116375  0.511319  0.184313 
C | 0.246268  0.165259  0.021175  0.030934  0.007805  0.056894  0.000000  0.009139  0.343772 
G | 0.239177  0.111650  0.022017  0.017461  0.006918  0.030886  0.271387  0.431697  0.268954 
T | 0.293241  0.594567  0.896647  0.181004  0.011795  0.909796  0.612238  0.047845  0.202962 

>HOXB7_R189C/136..196
A | 0.217527  0.138353  0.054524  0.772131  0.970869  0.009247  0.059930  0.522122  0.179668 
C | 0.245954  0.154525  0.029894  0.024831  0.006773  0.060488  0.051932  0.019019  0.393710 
G | 0.238473  0.116520  0.030256  0.011656  0.008814  0.025910  0.434817  0.390518  0.223050 
T | 0.298046  0.590601  0.885326  0.191382  0.013545  0.904355  0.453321  0.068341  0.203571 

>HOXC4_N178S/155..215
A | 0.230110  0.143432  0.049179  0.946610  0.977689  0.006809  0.052771  0.585415  0.191801 
C | 0.261445  0.317457  0.005624  0.014166  0.009109  0.030748  0.055909  0.025133  0.345810 
G | 0.285141  0.118207  0.009719  0.025763  0.003968  0.014435  0.463970  0.339617  0.255060 
T | 0.223303  0.420904  0.935478  0.013460  0.009234  0.948008  0.427350  0.049835  0.207329 

>HOXC4_R158L/155..215
A | 0.241452  0.131789  0.058486  0.879317  0.975681  0.013610  0.110885  0.608722  0.224827 
C | 0.234521  0.271258  0.048606  0.034291  0.008361  0.017674  0.103176  0.030338  0.328933 
G | 0.267244  0.157267  0.011106  0.080138  0.005477  0.004457  0.349649  0.303456  0.239813 
T | 0.256782  0.439685  0.881802  0.006254  0.010481  0.964260  0.436290  0.057485  0.206427 

>ARX_P353L/327..387
A | 0.235171  0.156571  0.033247  0.932045  0.982863  0.003539  0.035647  0.599627  0.269449 
C | 0.252273  0.326800  0.020192  0.014095  0.010694  0.003638  0.021824  0.021328  0.219448 
G | 0.281211  0.108719  0.015043  0.041071  0.000371  0.022253  0.073230  0.332798  0.333915 
T | 0.231345  0.407910  0.931519  0.012789  0.006072  0.970570  0.869299  0.046247  0.177188 

>HOXD13_I297V/275..335
A | 0.193231  0.027047  0.053431  0.179643  0.974700  0.009258  0.190204  0.554142  0.075053 
C | 0.140184  0.028448  0.007529  0.023379  0.007561  0.262051  0.020140  0.028514  0.253525 
G | 0.187283  0.046118  0.012183  0.023623  0.006664  0.018459  0.416021  0.375410  0.452379 
T | 0.479302  0.898386  0.926857  0.773355  0.011075  0.710231  0.373635  0.041933  0.219043 

>HOXD13_I322L/275..335
A | 0.204642  0.057773  0.053873  0.254040  0.975648  0.019910  0.175397  0.530167  0.095197 
C | 0.167216  0.097719  0.011650  0.008180  0.007917  0.239622  0.020911  0.021713  0.238926 
G | 0.195534  0.034957  0.011835  0.037928  0.005861  0.015811  0.398995  0.403629  0.434249 
T | 0.432608  0.809551  0.922642  0.699852  0.010574  0.724657  0.404697  0.044491  0.231628 

>HOXD13_N298S/275..335
A | 0.193231  0.027047  0.053431  0.179643  0.974700  0.009258  0.190204  0.554142  0.075053 
C | 0.140184  0.028448  0.007529  0.023379  0.007561  0.262051  0.020140  0.028514  0.253525 
G | 0.187283  0.046118  0.012183  0.023623  0.006664  0.018459  0.416021  0.375410  0.452379 
T | 0.479302  0.898386  0.926857  0.773355  0.011075  0.710231  0.373635  0.041933  0.219043 

>HOXD13_Q325K/275..335
A | 0.195419  0.063194  0.061633  0.183315  0.975029  0.015825  0.393573  0.147291  0.090215 
C | 0.159998  0.021249  0.028658  0.029921  0.007583  0.245626  0.450726  0.541172  0.306439 
G | 0.195338  0.093897  0.019289  0.026265  0.006500  0.031482  0.155702  0.081697  0.388241 
T | 0.449245  0.821660  0.890419  0.760499  0.010888  0.707068  0.000000  0.229840  0.215105 

>HOXD13_Q325R/275..335
A | 0.185052  0.056574  0.142236  0.185687  0.958431  0.026532  0.298985  0.357631  0.085105 
C | 0.199841  0.027605  0.018697  0.031513  0.004766  0.249601  0.155061  0.250647  0.249409 
G | 0.175319  0.084009  0.012032  0.024965  0.015243  0.027819  0.293895  0.177634  0.441917 
T | 0.439788  0.831813  0.827035  0.757835  0.021560  0.696047  0.252059  0.214088  0.223570 

>HOXD13_R306W/275..335
A | 0.193231  0.027047  0.053431  0.179643  0.974700  0.009258  0.190204  0.554142  0.075053 
C | 0.140184  0.028448  0.007529  0.023379  0.007561  0.262051  0.020140  0.028514  0.253525 
G | 0.187283  0.046118  0.012183  0.023623  0.006664  0.018459  0.416021  0.375410  0.452379 
T | 0.479302  0.898386  0.926857  0.773355  0.011075  0.710231  0.373635  0.041933  0.219043 

>HOXD13_S316C/275..335
A | 0.193231  0.027047  0.053431  0.179643  0.974700  0.009258  0.190204  0.554142  0.075053 
C | 0.140184  0.028448  0.007529  0.023379  0.007561  0.262051  0.020140  0.028514  0.253525 
G | 0.187283  0.046118  0.012183  0.023623  0.006664  0.018459  0.416021  0.375410  0.452379 
T | 0.479302  0.898386  0.926857  0.773355  0.011075  0.710231  0.373635  0.041933  0.219043 

>ISX_R83Q/81..141
A | 0.224206  0.178093  0.059124  0.894148  0.980701  0.007590  0.055032  0.366706  0.206930 
C | 0.261234  0.294408  0.024596  0.007715  0.010459  0.008016  0.044290  0.089694  0.258757 
G | 0.288159  0.137933  0.006696  0.067160  0.001810  0.011736  0.083978  0.422421  0.330539 
T | 0.226402  0.389565  0.909584  0.030977  0.007030  0.972658  0.816700  0.121179  0.203773 

>MSX2_P148H/141..201
A | 0.215118  0.250867  0.060485  0.901489  0.980222  0.005506  0.024279  0.343770  0.184208 
C | 0.244565  0.267190  0.017834  0.024317  0.010665  0.001429  0.023276  0.007412  0.296655 
G | 0.283011  0.155057  0.015873  0.033144  0.002061  0.009022  0.044345  0.595631  0.329558 
T | 0.257305  0.326887  0.905808  0.041050  0.007051  0.984043  0.908101  0.053187  0.189579 

>MSX2_R172H/141..201
A | 0.215118  0.250867  0.060485  0.901489  0.980222  0.005506  0.024279  0.343770  0.184208 
C | 0.244565  0.267190  0.017834  0.024317  0.010665  0.001429  0.023276  0.007412  0.296655 
G | 0.283011  0.155057  0.015873  0.033144  0.002061  0.009022  0.044345  0.595631  0.329558 
T | 0.257305  0.326887  0.905808  0.041050  0.007051  0.984043  0.908101  0.053187  0.189579 

>ARX_P353R/327..387
A | 0.235171  0.156571  0.033247  0.932045  0.982863  0.003539  0.035647  0.599627  0.269449 
C | 0.252273  0.326800  0.020192  0.014095  0.010694  0.003638  0.021824  0.021328  0.219448 
G | 0.281211  0.108719  0.015043  0.041071  0.000371  0.022253  0.073230  0.332798  0.333915 
T | 0.231345  0.407910  0.931519  0.012789  0.006072  0.970570  0.869299  0.046247  0.177188 

>NKX2-5_K183E/137..197
A | 0.215348  0.167904  0.036160  0.821958  0.979448  0.005741  0.095155  0.262582  0.100219 
C | 0.264332  0.098622  0.352762  0.000000  0.010534  0.002489  0.007397  0.000000  0.330782 
G | 0.233009  0.045628  0.125031  0.156591  0.002231  0.950176  0.057969  0.721901  0.362979 
T | 0.287310  0.687846  0.486046  0.021450  0.007788  0.041593  0.839479  0.015516  0.206021 

>NKX2-5_R161P/137..197
A | 0.215348  0.167904  0.036160  0.821958  0.979448  0.005741  0.095155  0.262582  0.100219 
C | 0.264332  0.098622  0.352762  0.000000  0.010534  0.002489  0.007397  0.000000  0.330782 
G | 0.233009  0.045628  0.125031  0.156591  0.002231  0.950176  0.057969  0.721901  0.362979 
T | 0.287310  0.687846  0.486046  0.021450  0.007788  0.041593  0.839479  0.015516  0.206021 

>NKX2-5_R190C/137..197
A | 0.215348  0.167904  0.036160  0.821958  0.979448  0.005741  0.095155  0.262582  0.100219 
C | 0.264332  0.098622  0.352762  0.000000  0.010534  0.002489  0.007397  0.000000  0.330782 
G | 0.233009  0.045628  0.125031  0.156591  0.002231  0.950176  0.057969  0.721901  0.362979 
T | 0.287310  0.687846  0.486046  0.021450  0.007788  0.041593  0.839479  0.015516  0.206021 

>NKX2-5_T178M/137..197
A | 0.215348  0.167904  0.036160  0.821958  0.979448  0.005741  0.095155  0.262582  0.100219 
C | 0.264332  0.098622  0.352762  0.000000  0.010534  0.002489  0.007397  0.000000  0.330782 
G | 0.233009  0.045628  0.125031  0.156591  0.002231  0.950176  0.057969  0.721901  0.362979 
T | 0.287310  0.687846  0.486046  0.021450  0.007788  0.041593  0.839479  0.015516  0.206021 

>NKX2-8_A94T/83..143
A | 0.215348  0.167904  0.036160  0.821958  0.979448  0.005741  0.095155  0.262582  0.100219 
C | 0.264332  0.098622  0.352762  0.000000  0.010534  0.002489  0.007397  0.000000  0.330782 
G | 0.233009  0.045628  0.125031  0.156591  0.002231  0.950176  0.057969  0.721901  0.362979 
T | 0.287310  0.687846  0.486046  0.021450  0.007788  0.041593  0.839479  0.015516  0.206021 

>PBX4_R215Q/209..272
A | 0.228102  0.214694  0.043376  0.130895  0.969658  0.066407  0.362357  0.293128  0.209967 
C | 0.226628  0.144913  0.026795  0.000000  0.006385  0.355026  0.152125  0.188698  0.256614 
G | 0.207844  0.149631  0.028809  0.795505  0.009586  0.005530  0.299531  0.275430  0.326567 
T | 0.337427  0.490761  0.901020  0.073600  0.014370  0.573037  0.185988  0.242743  0.206852 

>PHOX2B_Q143R/97..157
A | 0.220422  0.204810  0.034354  0.956771  0.982411  0.006432  0.047689  0.461391  0.261255 
C | 0.252182  0.301661  0.010627  0.011021  0.009576  0.015180  0.044311  0.045689  0.210309 
G | 0.305617  0.121693  0.008198  0.021306  0.000983  0.004585  0.071399  0.400706  0.364045 
T | 0.221779  0.371836  0.946821  0.010902  0.007030  0.973803  0.836601  0.092215  0.164391 

>PHOX2B_R100L/97..157
A | 0.224362  0.202645  0.048747  0.913223  0.981028  0.009845  0.072826  0.480331  0.279346 
C | 0.249996  0.256206  0.045227  0.043016  0.009503  0.011163  0.065674  0.035676  0.201366 
G | 0.284804  0.148867  0.009624  0.042027  0.001831  0.003433  0.045373  0.391913  0.343675 
T | 0.240838  0.392283  0.896401  0.001733  0.007638  0.975560  0.816126  0.092079  0.175614 

>PHOX2B_R141G/97..157
A | 0.220422  0.204810  0.034354  0.956771  0.982411  0.006432  0.047689  0.461391  0.261255 
C | 0.252182  0.301661  0.010627  0.011021  0.009576  0.015180  0.044311  0.045689  0.210309 
G | 0.305617  0.121693  0.008198  0.021306  0.000983  0.004585  0.071399  0.400706  0.364045 
T | 0.221779  0.371836  0.946821  0.010902  0.007030  0.973803  0.836601  0.092215  0.164391 

>PHOX2B_R141Q/97..157
A | 0.220422  0.204810  0.034354  0.956771  0.982411  0.006432  0.047689  0.461391  0.261255 
C | 0.252182  0.301661  0.010627  0.011021  0.009576  0.015180  0.044311  0.045689  0.210309 
G | 0.305617  0.121693  0.008198  0.021306  0.000983  0.004585  0.071399  0.400706  0.364045 
T | 0.221779  0.371836  0.946821  0.010902  0.007030  0.973803  0.836601  0.092215  0.164391 

>ARX_R332H/327..387
A | 0.235171  0.156571  0.033247  0.932045  0.982863  0.003539  0.035647  0.599627  0.269449 
C | 0.252273  0.326800  0.020192  0.014095  0.010694  0.003638  0.021824  0.021328  0.219448 
G | 0.281211  0.108719  0.015043  0.041071  0.000371  0.022253  0.073230  0.332798  0.333915 
T | 0.231345  0.407910  0.931519  0.012789  0.006072  0.970570  0.869299  0.046247  0.177188 

>PITX2_L100Q/84..144
A | 0.237098  0.174630  0.029020  0.983453  0.981458  0.001364  0.013802  0.022834  0.194737 
C | 0.235090  0.278586  0.001177  0.001870  0.010686  0.003389  0.955208  0.847259  0.360071 
G | 0.320549  0.122694  0.006383  0.010330  0.000906  0.034165  0.006114  0.021095  0.244400 
T | 0.207263  0.424090  0.963421  0.004347  0.006951  0.961082  0.024875  0.108812  0.200791 

>PITX2_R108H/84..144
A | 0.237098  0.174630  0.029020  0.983453  0.981458  0.001364  0.013802  0.022834  0.194737 
C | 0.235090  0.278586  0.001177  0.001870  0.010686  0.003389  0.955208  0.847259  0.360071 
G | 0.320549  0.122694  0.006383  0.010330  0.000906  0.034165  0.006114  0.021095  0.244400 
T | 0.207263  0.424090  0.963421  0.004347  0.006951  0.961082  0.024875  0.108812  0.200791 

>PITX2_R130W/84..144
A | 0.237098  0.174630  0.029020  0.983453  0.981458  0.001364  0.013802  0.022834  0.194737 
C | 0.235090  0.278586  0.001177  0.001870  0.010686  0.003389  0.955208  0.847259  0.360071 
G | 0.320549  0.122694  0.006383  0.010330  0.000906  0.034165  0.006114  0.021095  0.244400 
T | 0.207263  0.424090  0.963421  0.004347  0.006951  0.961082  0.024875  0.108812  0.200791 

>PITX2_T114P/84..144
A | 0.237098  0.174630  0.029020  0.983453  0.981458  0.001364  0.013802  0.022834  0.194737 
C | 0.235090  0.278586  0.001177  0.001870  0.010686  0.003389  0.955208  0.847259  0.360071 
G | 0.320549  0.122694  0.006383  0.010330  0.000906  0.034165  0.006114  0.021095  0.244400 
T | 0.207263  0.424090  0.963421  0.004347  0.006951  0.961082  0.024875  0.108812  0.200791 

>PROP1_R112Q/68..128
A | 0.235171  0.156571  0.033247  0.932045  0.982863  0.003539  0.035647  0.599627  0.269449 
C | 0.252273  0.326800  0.020192  0.014095  0.010694  0.003638  0.021824  0.021328  0.219448 
G | 0.281211  0.108719  0.015043  0.041071  0.000371  0.022253  0.073230  0.332798  0.333915 
T | 0.231345  0.407910  0.931519  0.012789  0.006072  0.970570  0.869299  0.046247  0.177188 

>PROP1_R99Q/68..128
A | 0.235171  0.156571  0.033247  0.932045  0.982863  0.003539  0.035647  0.599627  0.269449 
C | 0.252273  0.326800  0.020192  0.014095  0.010694  0.003638  0.021824  0.021328  0.219448 
G | 0.281211  0.108719  0.015043  0.041071  0.000371  0.022253  0.073230  0.332798  0.333915 
T | 0.231345  0.407910  0.931519  0.012789  0.006072  0.970570  0.869299  0.046247  0.177188 

>SIX6_H141N/127..187
A | 0.277504  0.223112  0.074710  0.055296  0.980480  0.014672  0.839813  0.179040  0.201741 
C | 0.234005  0.248228  0.130755  0.015769  0.009283  0.035429  0.141279  0.406646  0.303292 
G | 0.227879  0.311619  0.059179  0.857168  0.001528  0.014837  0.015913  0.194243  0.247636 
T | 0.260612  0.217041  0.735356  0.071767  0.008709  0.935063  0.002994  0.220071  0.247331 

>SIX6_T165A/127..187
A | 0.277504  0.223112  0.074710  0.055296  0.980480  0.014672  0.839813  0.179040  0.201741 
C | 0.234005  0.248228  0.130755  0.015769  0.009283  0.035429  0.141279  0.406646  0.303292 
G | 0.227879  0.311619  0.059179  0.857168  0.001528  0.014837  0.015913  0.194243  0.247636 
T | 0.260612  0.217041  0.735356  0.071767  0.008709  0.935063  0.002994  0.220071  0.247331 

>VAX2_L139M/101..161
A | 0.230447  0.140155  0.032833  0.967856  0.981489  0.024143  0.116333  0.601849  0.232147 
C | 0.253716  0.356440  0.003042  0.013394  0.009680  0.005664  0.037884  0.027550  0.294353 
G | 0.298705  0.122953  0.006433  0.016699  0.001560  0.015106  0.318422  0.319623  0.286878 
T | 0.217132  0.380452  0.957692  0.002051  0.007270  0.955086  0.527361  0.050978  0.186622 

>VENTX_E101K/90..150
A | 0.209622  0.224629  0.039528  0.974632  0.980825  0.055477  0.068277  0.334837  0.200696 
C | 0.248088  0.292989  0.001090  0.006562  0.009032  0.064244  0.185684  0.020855  0.288753 
G | 0.315853  0.140163  0.008554  0.010523  0.001930  0.013727  0.292416  0.539811  0.304580 
T | 0.226436  0.342219  0.950828  0.008283  0.008213  0.866553  0.453623  0.104497  0.205971 

>ARX_T333N/327..387
A | 0.237807  0.157404  0.164944  0.832078  0.980715  0.001588  0.072857  0.592832  0.268902 
C | 0.251886  0.280573  0.037896  0.021617  0.010301  0.023098  0.004633  0.028053  0.285119 
G | 0.267714  0.104078  0.011333  0.061082  0.001548  0.066237  0.087691  0.341762  0.291263 
T | 0.242592  0.457945  0.785827  0.085222  0.007436  0.909076  0.834819  0.037353  0.154717 

>VENTX_R143C/90..150
A | 0.209622  0.224629  0.039528  0.974632  0.980825  0.055477  0.068277  0.334837  0.200696 
C | 0.248088  0.292989  0.001090  0.006562  0.009032  0.064244  0.185684  0.020855  0.288753 
G | 0.315853  0.140163  0.008554  0.010523  0.001930  0.013727  0.292416  0.539811  0.304580 
T | 0.226436  0.342219  0.950828  0.008283  0.008213  0.866553  0.453623  0.104497  0.205971 

>VSX1_G160D/163..223
A | 0.235171  0.156571  0.033247  0.932045  0.982863  0.003539  0.035647  0.599627  0.269449 
C | 0.252273  0.326800  0.020192  0.014095  0.010694  0.003638  0.021824  0.021328  0.219448 
G | 0.281211  0.108719  0.015043  0.041071  0.000371  0.022253  0.073230  0.332798  0.333915 
T | 0.231345  0.407910  0.931519  0.012789  0.006072  0.970570  0.869299  0.046247  0.177188 

>VSX1_Q175H/163..223
A | 0.235171  0.156571  0.033247  0.932045  0.982863  0.003539  0.035647  0.599627  0.269449 
C | 0.252273  0.326800  0.020192  0.014095  0.010694  0.003638  0.021824  0.021328  0.219448 
G | 0.281211  0.108719  0.015043  0.041071  0.000371  0.022253  0.073230  0.332798  0.333915 
T | 0.231345  0.407910  0.931519  0.012789  0.006072  0.970570  0.869299  0.046247  0.177188 

>VSX1_R166Q/163..223
A | 0.235909  0.148809  0.048113  0.789031  0.978989  0.004147  0.036351  0.583596  0.252340 
C | 0.256800  0.281059  0.042794  0.029706  0.009866  0.002276  0.017460  0.023849  0.236964 
G | 0.260902  0.140374  0.012075  0.141256  0.002344  0.008994  0.081070  0.349522  0.317744 
T | 0.246389  0.429758  0.897019  0.040007  0.008801  0.984583  0.865118  0.043034  0.192952 

>VSX2_R200P/147..207
A | 0.235171  0.156571  0.033247  0.932045  0.982863  0.003539  0.035647  0.599627  0.269449 
C | 0.252273  0.326800  0.020192  0.014095  0.010694  0.003638  0.021824  0.021328  0.219448 
G | 0.281211  0.108719  0.015043  0.041071  0.000371  0.022253  0.073230  0.332798  0.333915 
T | 0.231345  0.407910  0.931519  0.012789  0.006072  0.970570  0.869299  0.046247  0.177188 

>VSX2_R200Q/147..207
A | 0.235171  0.156571  0.033247  0.932045  0.982863  0.003539  0.035647  0.599627  0.269449 
C | 0.252273  0.326800  0.020192  0.014095  0.010694  0.003638  0.021824  0.021328  0.219448 
G | 0.281211  0.108719  0.015043  0.041071  0.000371  0.022253  0.073230  0.332798  0.333915 
T | 0.231345  0.407910  0.931519  0.012789  0.006072  0.970570  0.869299  0.046247  0.177188 

>CRX_E80A/38..98
A | 0.226611  0.201637  0.037473  0.962430  0.982983  0.007254  0.031712  0.036848  0.170385 
C | 0.243443  0.299551  0.005648  0.009679  0.010811  0.000000  0.912622  0.757626  0.329994 
G | 0.304015  0.122350  0.007409  0.010830  0.000434  0.079979  0.006584  0.037287  0.286489 
T | 0.225931  0.376462  0.949470  0.017061  0.005772  0.912767  0.049082  0.168240  0.213132 

>CRX_R41Q/38..98
A | 0.232543  0.204948  0.053361  0.782940  0.979155  0.011864  0.058155  0.065613  0.173660 
C | 0.246077  0.264973  0.042616  0.029795  0.009798  0.000000  0.875923  0.709543  0.336466 
G | 0.282492  0.159738  0.012166  0.136216  0.002644  0.066690  0.000000  0.055794  0.276263 
T | 0.238888  0.370340  0.891857  0.051049  0.008403  0.921446  0.065923  0.169051  0.213611 

>CRX_R41W/35..98
A | 0.230642  0.218883  0.063645  0.854938  0.977403  0.014527  0.053115  0.054214  0.180124 
C | 0.246521  0.242409  0.017531  0.039995  0.010043  0.000000  0.883685  0.742138  0.331796 
G | 0.283867  0.131697  0.012882  0.000000  0.003602  0.069510  0.000000  0.037580  0.286131 
T | 0.238970  0.407012  0.905942  0.105067  0.008953  0.915963  0.063199  0.166068  0.201949 

>CRX_R90W/38..98
A | 0.226611  0.201637  0.037473  0.962430  0.982983  0.007254  0.031712  0.036848  0.170385 
C | 0.243443  0.299551  0.005648  0.009679  0.010811  0.000000  0.912622  0.757626  0.329994 
G | 0.304015  0.122350  0.007409  0.010830  0.000434  0.079979  0.006584  0.037287  0.286489 
T | 0.225931  0.376462  0.949470  0.017061  0.005772  0.912767  0.049082  0.168240  0.213132 

