>10_TGG_KSVMQ/1..57
A | 0.267874  0.172717  0.074461  0.896802  0.979097  0.008752  0.172206  0.473236  0.253555 
C | 0.232228  0.300348  0.011506  0.022782  0.010166  0.014850  0.077412  0.261787  0.254489 
G | 0.287222  0.103622  0.010847  0.020068  0.003072  0.007805  0.307381  0.116112  0.317346 
T | 0.212675  0.423313  0.903187  0.060348  0.007665  0.968593  0.443000  0.148865  0.174610 

>1_TTT_RTVAA/1..57
A | 0.230883  0.119153  0.040298  0.964324  0.980830  0.011764  0.154294  0.354619  0.236905 
C | 0.255891  0.314746  0.002904  0.006190  0.009313  0.169354  0.174913  0.297138  0.256664 
G | 0.289917  0.108336  0.012008  0.023694  0.001790  0.001343  0.032851  0.142900  0.316366 
T | 0.223309  0.457764  0.944790  0.005792  0.008067  0.817539  0.637943  0.205343  0.190066 

>311_GTC_YRRGF/1..57
A | 0.222834  0.145543  0.150254  0.765317  0.950205  0.079689  0.268120  0.291224  0.203068 
C | 0.326924  0.310264  0.043022  0.046662  0.004787  0.052938  0.122458  0.213403  0.297620 
G | 0.221872  0.111876  0.000000  0.179655  0.017499  0.020912  0.193902  0.241800  0.278422 
T | 0.228371  0.432316  0.806724  0.008366  0.027509  0.846462  0.415520  0.253573  0.220890 

>31_GCT_KITKF/1..57
A | 0.224440  0.155602  0.052894  0.956773  0.980855  0.071848  0.261795  0.091624  0.189885 
C | 0.251219  0.299077  0.000712  0.017428  0.009309  0.060978  0.591833  0.568684  0.329883 
G | 0.293996  0.110056  0.010419  0.019405  0.002034  0.025375  0.116946  0.095407  0.269883 
T | 0.230346  0.435266  0.935975  0.006394  0.007802  0.841799  0.029427  0.244286  0.210348 

>32_GCC_VRLKY/1..57
A | 0.240155  0.155900  0.014382  0.952184  0.979083  0.124263  0.265626  0.044799  0.170181 
C | 0.251589  0.298440  0.086201  0.020661  0.008808  0.000000  0.585029  0.514528  0.323579 
G | 0.286921  0.095629  0.050621  0.027154  0.003453  0.436120  0.088378  0.148864  0.290417 
T | 0.221335  0.450030  0.848796  0.000000  0.008656  0.439617  0.060967  0.291809  0.215823 

>33_GCA_ALRQQ/1..57
A | 0.234064  0.160027  0.177033  0.896298  0.958988  0.058882  0.121719  0.536866  0.233221 
C | 0.332601  0.299426  0.031953  0.027120  0.007707  0.011564  0.000000  0.027847  0.276640 
G | 0.229119  0.097529  0.000000  0.019604  0.010294  0.023286  0.281305  0.389617  0.297149 
T | 0.204215  0.443018  0.791014  0.056978  0.023011  0.906267  0.596976  0.045669  0.192991 

>34_GAT_RTMRY/1..57
A | 0.235480  0.153044  0.076333  0.943840  0.961643  0.136506  0.260746  0.225067  0.192055 
C | 0.288328  0.311877  0.076606  0.022316  0.005107  0.000000  0.105677  0.195883  0.278905 
G | 0.261002  0.089989  0.060206  0.033844  0.013146  0.425973  0.140941  0.329438  0.323860 
T | 0.215190  0.445089  0.786854  0.000000  0.020104  0.437521  0.492636  0.249611  0.205179 

>35_GAG_VMRWY/1..57
A | 0.214451  0.147987  0.106345  0.942771  0.956647  0.139896  0.266420  0.213577  0.184875 
C | 0.340207  0.310305  0.094916  0.023567  0.006792  0.000000  0.113211  0.198332  0.287367 
G | 0.232050  0.092004  0.041909  0.033661  0.012392  0.425554  0.133872  0.335136  0.314016 
T | 0.213292  0.449704  0.756830  0.000000  0.024169  0.434551  0.486497  0.252954  0.213742 

>36_GAC_ATRRF/1..57
A | 0.209028  0.135841  0.213312  0.953010  0.940777  0.080394  0.252700  0.328700  0.218391 
C | 0.374831  0.331158  0.012106  0.019624  0.004492  0.013738  0.116359  0.227122  0.279894 
G | 0.211244  0.096360  0.000000  0.027367  0.020734  0.027538  0.190836  0.217452  0.299324 
T | 0.204897  0.436640  0.774582  0.000000  0.033997  0.878330  0.440104  0.226726  0.202391 

>37_GAA_RFQKF/1..57
A | 0.243093  0.150044  0.040760  0.904534  0.971685  0.048755  0.264702  0.110033  0.193138 
C | 0.247587  0.304391  0.077648  0.038561  0.007820  0.016459  0.586722  0.570180  0.325188 
G | 0.286767  0.107461  0.013419  0.056905  0.010484  0.033007  0.132964  0.082081  0.267370 
T | 0.222553  0.438104  0.868173  0.000000  0.010012  0.901779  0.015612  0.237706  0.214303 

>38_CTA_LHYAK/1..57
A | 0.235187  0.109797  0.054059  0.965535  0.976215  0.027466  0.280960  0.319723  0.229415 
C | 0.260263  0.293284  0.002716  0.011037  0.007375  0.303421  0.102447  0.214848  0.266571 
G | 0.278534  0.105277  0.012732  0.019216  0.004720  0.000000  0.197348  0.222934  0.304283 
T | 0.226016  0.491642  0.930493  0.004213  0.011689  0.669112  0.419245  0.242495  0.199730 

>39_CTA_IFNAK/1..57
A | 0.248473  0.088381  0.054065  0.956669  0.976829  0.046012  0.446519  0.313766  0.236103 
C | 0.273358  0.233975  0.000446  0.009608  0.007374  0.502973  0.139098  0.211241  0.258323 
G | 0.269253  0.114678  0.011829  0.030860  0.004260  0.000000  0.158386  0.240845  0.298937 
T | 0.208916  0.562965  0.933660  0.002862  0.011537  0.451015  0.255996  0.234148  0.206637 

>201_TGC_VRVSQ/1..57
A | 0.261961  0.183833  0.094205  0.897857  0.980732  0.012981  0.188142  0.431489  0.223523 
C | 0.232010  0.304479  0.002946  0.019393  0.008516  0.022153  0.096586  0.273712  0.197531 
G | 0.293884  0.105386  0.021986  0.018331  0.002382  0.003507  0.297105  0.144593  0.349152 
T | 0.212144  0.406303  0.880863  0.064419  0.008370  0.961360  0.418166  0.150206  0.229795 

>40_CGG_STRER/1..57
A | 0.215337  0.087185  0.148444  0.754557  0.957466  0.034214  0.410663  0.286128  0.216214 
C | 0.338581  0.236781  0.019029  0.009382  0.006988  0.299541  0.091022  0.219334  0.283929 
G | 0.223404  0.126655  0.000000  0.223492  0.011872  0.040983  0.040769  0.260663  0.275708 
T | 0.222678  0.549379  0.832527  0.012569  0.023675  0.625262  0.457546  0.233876  0.224150 

>41_CGC_RVMSR/1..57
A | 0.233871  0.098986  0.075787  0.752316  0.979834  0.000482  0.405505  0.314932  0.179427 
C | 0.252842  0.229568  0.000000  0.010903  0.008622  0.334190  0.097494  0.239058  0.232247 
G | 0.280888  0.132827  0.021291  0.226977  0.003157  0.009185  0.048483  0.235999  0.292971 
T | 0.232400  0.538619  0.902922  0.009804  0.008388  0.656143  0.448517  0.210010  0.295355 

>42_CGA_TFYAA/1..57
A | 0.233037  0.111067  0.045376  0.963374  0.980205  0.024489  0.180676  0.276184  0.222041 
C | 0.262841  0.288395  0.002774  0.005402  0.009105  0.187640  0.159645  0.245581  0.268908 
G | 0.281640  0.109481  0.012076  0.025991  0.002215  0.000000  0.000000  0.224812  0.303698 
T | 0.222483  0.491057  0.939773  0.005234  0.008476  0.787871  0.659680  0.253423  0.205353 

>43_CCT_MTNGK/1..57
A | 0.264774  0.113784  0.056236  0.771630  0.969469  0.059416  0.399225  0.290424  0.221723 
C | 0.254566  0.223520  0.025930  0.042528  0.005013  0.347313  0.149347  0.207837  0.273240 
G | 0.262498  0.124166  0.010236  0.174592  0.010340  0.000000  0.182173  0.261783  0.287842 
T | 0.218162  0.538530  0.907598  0.011249  0.015178  0.593271  0.269255  0.239956  0.217195 

>44_CCT_RGDSK/1..57
A | 0.231739  0.160678  0.094417  0.918380  0.977361  0.053442  0.298585  0.316645  0.187267 
C | 0.256227  0.303983  0.000000  0.026581  0.007364  0.262867  0.161399  0.238736  0.271602 
G | 0.291552  0.106188  0.027022  0.017564  0.004240  0.000000  0.167633  0.228850  0.297343 
T | 0.220483  0.429151  0.878561  0.037475  0.011035  0.683691  0.372382  0.215769  0.243787 

>45_CCG_RCYEK/1..57
A | 0.237223  0.140060  0.049405  0.961484  0.976522  0.018276  0.246405  0.318414  0.218724 
C | 0.257723  0.315289  0.002555  0.014386  0.007741  0.139995  0.138937  0.223885  0.278821 
G | 0.285993  0.099221  0.009943  0.020779  0.004625  0.000000  0.190540  0.229426  0.303821 
T | 0.219061  0.445429  0.938097  0.003351  0.011112  0.841729  0.424119  0.228275  0.198634 

>46_CCC_RLDSK/1..57
A | 0.231739  0.160678  0.094417  0.918380  0.977361  0.053442  0.298585  0.316645  0.187267 
C | 0.256227  0.303983  0.000000  0.026581  0.007364  0.262867  0.161399  0.238736  0.271602 
G | 0.291552  0.106188  0.027022  0.017564  0.004240  0.000000  0.167633  0.228850  0.297343 
T | 0.220483  0.429151  0.878561  0.037475  0.011035  0.683691  0.372382  0.215769  0.243787 

>47_CCA_KMTQK/1..57
A | 0.218082  0.154902  0.045876  0.958444  0.978082  0.065975  0.162779  0.457553  0.210688 
C | 0.257390  0.311049  0.003912  0.016576  0.007866  0.160634  0.097727  0.000761  0.273530 
G | 0.295051  0.102068  0.010195  0.016989  0.003600  0.015062  0.222272  0.476547  0.312546 
T | 0.229478  0.431980  0.940017  0.007992  0.010451  0.758329  0.517222  0.065139  0.203236 

>48_CCA_EHNAK/1..57
A | 0.248473  0.088381  0.054065  0.956669  0.976829  0.046012  0.446519  0.313766  0.236103 
C | 0.273358  0.233975  0.000446  0.009608  0.007374  0.502973  0.139098  0.211241  0.258323 
G | 0.269253  0.114678  0.011829  0.030860  0.004260  0.000000  0.158386  0.240845  0.298937 
T | 0.208916  0.562965  0.933660  0.002862  0.011537  0.451015  0.255996  0.234148  0.206637 

>49_CAT_LSQSR/1..57
A | 0.238932  0.103709  0.072085  0.717628  0.971183  0.021591  0.410494  0.318356  0.180575 
C | 0.247974  0.224844  0.061534  0.029354  0.006769  0.318840  0.097520  0.236204  0.231098 
G | 0.278270  0.137204  0.029337  0.253018  0.011347  0.024536  0.048881  0.238114  0.291301 
T | 0.234824  0.534242  0.837043  0.000000  0.010700  0.635034  0.443104  0.207325  0.297025 

>202_GTG_NAREF/1..57
A | 0.212316  0.134956  0.145532  0.958484  0.957597  0.060031  0.259915  0.311485  0.210786 
C | 0.341026  0.322904  0.019392  0.016536  0.007608  0.017232  0.124643  0.226426  0.290298 
G | 0.234990  0.099417  0.000000  0.024980  0.011530  0.020746  0.182226  0.229317  0.289638 
T | 0.211668  0.442722  0.835076  0.000000  0.023266  0.901991  0.433215  0.232771  0.209278 

>4_TTC_VRVSA/1..57
A | 0.222724  0.166873  0.060415  0.954608  0.981426  0.013798  0.138647  0.305876  0.208096 
C | 0.252162  0.337008  0.000000  0.009465  0.009290  0.024961  0.208654  0.314179  0.193669 
G | 0.305945  0.113979  0.018387  0.029674  0.001716  0.004142  0.098375  0.183825  0.364259 
T | 0.219168  0.382141  0.921198  0.006252  0.007569  0.957099  0.554323  0.196120  0.233977 

>51_CAG_MSHWR/1..57
A | 0.239477  0.090536  0.049751  0.756703  0.979390  0.000000  0.412482  0.286515  0.215341 
C | 0.253617  0.230806  0.000000  0.007826  0.008875  0.325717  0.091744  0.218946  0.284801 
G | 0.274841  0.126118  0.007978  0.224062  0.003314  0.012576  0.038950  0.261113  0.276487 
T | 0.232065  0.552540  0.942271  0.011409  0.008422  0.661707  0.456824  0.233425  0.223370 

>52_CAC_LGMRR/1..57
A | 0.236578  0.091335  0.113951  0.756073  0.962550  0.013211  0.404440  0.303029  0.222715 
C | 0.286284  0.239322  0.000000  0.008496  0.005736  0.318108  0.084797  0.220165  0.274483 
G | 0.252195  0.123819  0.013768  0.224056  0.012537  0.022440  0.046958  0.249426  0.286808 
T | 0.224943  0.545525  0.872281  0.011375  0.019177  0.646241  0.463806  0.227380  0.215994 

>53_CAC_ERVSR/1..57
A | 0.233204  0.105707  0.065862  0.775684  0.980390  0.000000  0.377050  0.370876  0.203344 
C | 0.246274  0.264349  0.000000  0.000000  0.008824  0.301475  0.086857  0.268154  0.210012 
G | 0.292412  0.136830  0.021818  0.203898  0.002769  0.022075  0.092042  0.182333  0.325702 
T | 0.228110  0.493114  0.912320  0.020418  0.008017  0.676450  0.444050  0.178637  0.260942 

>54_CAA_LMYQR/1..57
A | 0.240066  0.085744  0.048464  0.726784  0.979621  0.000000  0.275816  0.440030  0.219031 
C | 0.255341  0.229242  0.000000  0.024854  0.009163  0.311484  0.000000  0.041408  0.284647 
G | 0.275639  0.110068  0.005876  0.248362  0.003128  0.009705  0.103278  0.430591  0.276636 
T | 0.228955  0.574946  0.945660  0.000000  0.008089  0.678810  0.620905  0.087971  0.219686 

>55_CAA_LHYVR/1..57
A | 0.239477  0.090536  0.049751  0.756703  0.979390  0.000000  0.412482  0.286515  0.215341 
C | 0.253617  0.230806  0.000000  0.007826  0.008875  0.325717  0.091744  0.218946  0.284801 
G | 0.274841  0.126118  0.007978  0.224062  0.003314  0.012576  0.038950  0.261113  0.276487 
T | 0.232065  0.552540  0.942271  0.011409  0.008422  0.661707  0.456824  0.233425  0.223370 

>56_ATT_HRVQA/1..57
A | 0.231745  0.166013  0.034638  0.947958  0.981528  0.005702  0.052411  0.610699  0.239518 
C | 0.259790  0.325468  0.007965  0.010869  0.009648  0.015361  0.031205  0.033737  0.261953 
G | 0.292243  0.119984  0.011313  0.034978  0.001459  0.010284  0.150652  0.328347  0.315102 
T | 0.216222  0.388535  0.946084  0.006195  0.007365  0.968653  0.765732  0.027218  0.183427 

>57_ATG_LTYQW/1..57
A | 0.235476  0.143117  0.042446  0.960055  0.980205  0.015963  0.122762  0.525376  0.214106 
C | 0.259887  0.320943  0.001234  0.016415  0.009591  0.036332  0.000000  0.005234  0.291996 
G | 0.290200  0.101837  0.007863  0.023530  0.002330  0.000200  0.271186  0.418757  0.288801 
T | 0.214437  0.434103  0.948457  0.000000  0.007874  0.947506  0.606052  0.050633  0.205097 

>58_ATG_RVYQW/1..57
A | 0.235476  0.143117  0.042446  0.960055  0.980205  0.015963  0.122762  0.525376  0.214106 
C | 0.259887  0.320943  0.001234  0.016415  0.009591  0.036332  0.000000  0.005234  0.291996 
G | 0.290200  0.101837  0.007863  0.023530  0.002330  0.000200  0.271186  0.418757  0.288801 
T | 0.214437  0.434103  0.948457  0.000000  0.007874  0.947506  0.606052  0.050633  0.205097 

>59_ATC_TRMAF/1..57
A | 0.234639  0.108293  0.048122  0.969248  0.979496  0.027935  0.299457  0.310798  0.220355 
C | 0.258216  0.294788  0.000000  0.007577  0.009087  0.209408  0.085230  0.219525  0.279353 
G | 0.279855  0.105364  0.011449  0.021333  0.002810  0.000000  0.183798  0.221241  0.290702 
T | 0.227289  0.491555  0.940429  0.001843  0.008607  0.762658  0.431516  0.248435  0.209591 

>203_GTC_VQKRF/1..57
A | 0.233336  0.139831  0.109730  0.960606  0.962892  0.038490  0.253761  0.329295  0.217788 
C | 0.289093  0.324658  0.000000  0.014750  0.006255  0.036473  0.116429  0.226528  0.280497 
G | 0.263825  0.096940  0.015929  0.024645  0.011985  0.003252  0.189775  0.217962  0.300767 
T | 0.213746  0.438571  0.874340  0.000000  0.018868  0.921785  0.440034  0.226215  0.200948 

>5_TTC_TRVAA/1..57
A | 0.230883  0.119153  0.040298  0.964324  0.980830  0.011764  0.154294  0.354619  0.236905 
C | 0.255891  0.314746  0.002904  0.006190  0.009313  0.169354  0.174913  0.297138  0.256664 
G | 0.289917  0.108336  0.012008  0.023694  0.001790  0.001343  0.032851  0.142900  0.316366 
T | 0.223309  0.457764  0.944790  0.005792  0.008067  0.817539  0.637943  0.205343  0.190066 

>60_ATA_KTVQV/1..57
A | 0.288018  0.095309  0.026849  0.903667  0.980844  0.016777  0.087526  0.667251  0.185064 
C | 0.205412  0.402371  0.001206  0.041382  0.009571  0.028458  0.003909  0.019161  0.252705 
G | 0.330949  0.062349  0.009534  0.000000  0.002144  0.005723  0.344757  0.273270  0.344450 
T | 0.175621  0.439971  0.962410  0.054951  0.007441  0.949043  0.563808  0.040318  0.217780 

>61_AGT_KGKEW/1..57
A | 0.236962  0.138912  0.043622  0.964504  0.979702  0.018313  0.260977  0.312079  0.209934 
C | 0.255604  0.316438  0.000000  0.011618  0.009376  0.039590  0.124713  0.225832  0.291150 
G | 0.287311  0.099963  0.008627  0.022204  0.002791  0.000000  0.181164  0.229828  0.290831 
T | 0.220123  0.444687  0.947751  0.001673  0.008131  0.942097  0.433146  0.232261  0.208085 

>62_AGG_SHKEY/1..57
A | 0.239362  0.151533  0.015585  0.949176  0.978191  0.126118  0.267082  0.214130  0.183683 
C | 0.254669  0.304249  0.084989  0.019295  0.008268  0.000000  0.113499  0.197780  0.288560 
G | 0.284309  0.092983  0.051836  0.031529  0.004213  0.428132  0.133210  0.335688  0.315115 
T | 0.221660  0.451235  0.847590  0.000000  0.009327  0.445749  0.486209  0.252402  0.212643 

>63_AGC_QSRNV/1..57
A | 0.265164  0.113538  0.150759  0.885430  0.959194  0.076686  0.311484  0.309400  0.158047 
C | 0.289254  0.355505  0.018473  0.040131  0.006985  0.090388  0.256315  0.282695  0.302118 
G | 0.273507  0.067055  0.000000  0.000000  0.010961  0.015717  0.134505  0.167487  0.315028 
T | 0.172075  0.463901  0.830768  0.074440  0.022860  0.817209  0.297695  0.240418  0.224807 

>64_AGA_AFRAH/1..57
A | 0.210558  0.104771  0.146755  0.963265  0.958156  0.068116  0.298266  0.310754  0.221103 
C | 0.342403  0.301120  0.020552  0.011900  0.006593  0.187505  0.084945  0.219569  0.278605 
G | 0.228575  0.105114  0.000000  0.024835  0.012275  0.011005  0.184988  0.221281  0.289569 
T | 0.218464  0.488995  0.832693  0.000000  0.022977  0.733374  0.431801  0.248396  0.210723 

>65_AGA_GSRWY/1..57
A | 0.214451  0.147987  0.106345  0.942771  0.956647  0.139896  0.266420  0.213577  0.184875 
C | 0.340207  0.310305  0.094916  0.023567  0.006792  0.000000  0.113211  0.198332  0.287367 
G | 0.232050  0.092004  0.041909  0.033661  0.012392  0.425554  0.133872  0.335136  0.314016 
T | 0.213292  0.449704  0.756830  0.000000  0.024169  0.434551  0.486497  0.252954  0.213742 

>66_ACT_KTSHM/1..57
A | 0.222898  0.135439  0.039355  0.959683  0.976832  0.158507  0.181848  0.348541  0.198784 
C | 0.270059  0.328582  0.004902  0.013892  0.009727  0.000000  0.259232  0.220011  0.322296 
G | 0.301677  0.106218  0.013450  0.026425  0.003529  0.065519  0.307537  0.192100  0.267188 
T | 0.205366  0.429761  0.942293  0.000000  0.009912  0.775974  0.251383  0.239347  0.211732 

>67_ACT_MKYEK/1..57
A | 0.237223  0.140060  0.049405  0.961484  0.976522  0.018276  0.246405  0.318414  0.218724 
C | 0.257723  0.315289  0.002555  0.014386  0.007741  0.139995  0.138937  0.223885  0.278821 
G | 0.285993  0.099221  0.009943  0.020779  0.004625  0.000000  0.190540  0.229426  0.303821 
T | 0.219061  0.445429  0.938097  0.003351  0.011112  0.841729  0.424119  0.228275  0.198634 

>69_ACG_VKYER/1..57
A | 0.239477  0.090536  0.049751  0.756703  0.979390  0.000000  0.412482  0.286515  0.215341 
C | 0.253617  0.230806  0.000000  0.007826  0.008875  0.325717  0.091744  0.218946  0.284801 
G | 0.274841  0.126118  0.007978  0.224062  0.003314  0.012576  0.038950  0.261113  0.276487 
T | 0.232065  0.552540  0.942271  0.011409  0.008422  0.661707  0.456824  0.233425  0.223370 

>204_GCG_RTDRY/1..57
A | 0.236017  0.163645  0.092360  0.914472  0.962146  0.225831  0.315432  0.213900  0.190830 
C | 0.287952  0.300788  0.076061  0.031956  0.005173  0.026992  0.125727  0.192416  0.322350 
G | 0.260420  0.094356  0.063196  0.024803  0.012827  0.378221  0.112169  0.341611  0.299273 
T | 0.215611  0.441210  0.768383  0.028770  0.019855  0.368956  0.446671  0.252073  0.187547 

>6_TTA_VRVAA/1..57
A | 0.230883  0.119153  0.040298  0.964324  0.980830  0.011764  0.154294  0.354619  0.236905 
C | 0.255891  0.314746  0.002904  0.006190  0.009313  0.169354  0.174913  0.297138  0.256664 
G | 0.289917  0.108336  0.012008  0.023694  0.001790  0.001343  0.032851  0.142900  0.316366 
T | 0.223309  0.457764  0.944790  0.005792  0.008067  0.817539  0.637943  0.205343  0.190066 

>70_ACC_KTSHM/1..57
A | 0.222898  0.135439  0.039355  0.959683  0.976832  0.158507  0.181848  0.348541  0.198784 
C | 0.270059  0.328582  0.004902  0.013892  0.009727  0.000000  0.259232  0.220011  0.322296 
G | 0.301677  0.106218  0.013450  0.026425  0.003529  0.065519  0.307537  0.192100  0.267188 
T | 0.205366  0.429761  0.942293  0.000000  0.009912  0.775974  0.251383  0.239347  0.211732 

>71_ACA_MTNNR/1..57
A | 0.258038  0.070364  0.068237  0.803491  0.980747  0.000000  0.641898  0.218579  0.213513 
C | 0.260019  0.183297  0.000000  0.000000  0.009121  0.633598  0.125386  0.259824  0.316764 
G | 0.266949  0.126714  0.011121  0.156409  0.002133  0.018773  0.033930  0.286129  0.245493 
T | 0.214994  0.619625  0.920642  0.040100  0.007999  0.347629  0.198786  0.235468  0.224230 

>72_AAT_KMSNF/1..57
A | 0.241462  0.148952  0.060066  0.939208  0.980062  0.029783  0.325376  0.234101  0.194858 
C | 0.251373  0.305454  0.000000  0.009792  0.009260  0.105835  0.246998  0.274968  0.338485 
G | 0.290846  0.098682  0.014693  0.023938  0.002531  0.000000  0.107016  0.242925  0.265254 
T | 0.216319  0.446912  0.925241  0.027062  0.008148  0.864382  0.320609  0.248005  0.201403 

>73_AAT_KLTAF/1..57
A | 0.222126  0.123948  0.056044  0.963390  0.979712  0.070152  0.303410  0.258230  0.209622 
C | 0.255035  0.283602  0.003106  0.011024  0.008444  0.235147  0.126598  0.219431  0.272408 
G | 0.286006  0.114611  0.019781  0.023161  0.002875  0.000000  0.165622  0.247726  0.302865 
T | 0.236833  0.477839  0.921070  0.002426  0.008968  0.694701  0.404370  0.274613  0.215105 

>74_AAG_STSAH/1..57
A | 0.234639  0.108293  0.048122  0.969248  0.979496  0.027935  0.299457  0.310798  0.220355 
C | 0.258216  0.294788  0.000000  0.007577  0.009087  0.209408  0.085230  0.219525  0.279353 
G | 0.279855  0.105364  0.011449  0.021333  0.002810  0.000000  0.183798  0.221241  0.290702 
T | 0.227289  0.491555  0.940429  0.001843  0.008607  0.762658  0.431516  0.248435  0.209591 

>75_AAC_SISRF/1..57
A | 0.233336  0.139831  0.109730  0.960606  0.962892  0.038490  0.253761  0.329295  0.217788 
C | 0.289093  0.324658  0.000000  0.014750  0.006255  0.036473  0.116429  0.226528  0.280497 
G | 0.263825  0.096940  0.015929  0.024645  0.011985  0.003252  0.189775  0.217962  0.300767 
T | 0.213746  0.438571  0.874340  0.000000  0.018868  0.921785  0.440034  0.226215  0.200948 

>76_AAA_RAQWF/1..57
A | 0.242877  0.145465  0.041034  0.903154  0.970513  0.042370  0.271073  0.315578  0.211601 
C | 0.250178  0.310495  0.075682  0.036436  0.007201  0.028004  0.123670  0.222558  0.289353 
G | 0.283865  0.105322  0.015241  0.060410  0.011525  0.008758  0.180217  0.232361  0.288750 
T | 0.223080  0.438718  0.868042  0.000000  0.010761  0.920868  0.425040  0.229503  0.210296 

>77_AAA_KEYVH/1..57
A | 0.236962  0.138912  0.043622  0.964504  0.979702  0.018313  0.260977  0.312079  0.209934 
C | 0.255604  0.316438  0.000000  0.011618  0.009376  0.039590  0.124713  0.225832  0.291150 
G | 0.287311  0.099963  0.008627  0.022204  0.002791  0.000000  0.181164  0.229828  0.290831 
T | 0.220123  0.444687  0.947751  0.001673  0.008131  0.942097  0.433146  0.232261  0.208085 

>7_TTA_RVLRA/1..57
A | 0.229975  0.153936  0.111803  0.951272  0.963108  0.039027  0.166605  0.293625  0.221632 
C | 0.293795  0.315759  0.000000  0.011132  0.005894  0.032695  0.173122  0.256655  0.266877 
G | 0.267704  0.109195  0.016195  0.033148  0.011918  0.003436  0.042052  0.217906  0.317382 
T | 0.208525  0.421110  0.872002  0.004448  0.019079  0.924842  0.618221  0.231813  0.194109 

>205_GAA_TQRQW/1..57
A | 0.210544  0.140443  0.140513  0.953631  0.958700  0.057630  0.124715  0.523501  0.215253 
C | 0.344215  0.326010  0.021333  0.020694  0.008423  0.013829  0.000000  0.007109  0.290849 
G | 0.238215  0.102913  0.000000  0.025675  0.010469  0.024181  0.270152  0.416838  0.287753 
T | 0.207026  0.430634  0.838154  0.000000  0.022409  0.904360  0.605132  0.052553  0.206145 

>8_TGT_RVVSQ/1..57
A | 0.261961  0.183833  0.094205  0.897857  0.980732  0.012981  0.188142  0.431489  0.223523 
C | 0.232010  0.304479  0.002946  0.019393  0.008516  0.022153  0.096586  0.273712  0.197531 
G | 0.293884  0.105386  0.021986  0.018331  0.002382  0.003507  0.297105  0.144593  0.349152 
T | 0.212144  0.406303  0.880863  0.064419  0.008370  0.961360  0.418166  0.150206  0.229795 

>9_TGG_KTTQD/1..57
A | 0.217424  0.153944  0.041755  0.961073  0.980965  0.069937  0.167097  0.454773  0.203145 
C | 0.256021  0.312008  0.001637  0.014052  0.009380  0.071121  0.088522  0.000000  0.283408 
G | 0.296526  0.102855  0.008651  0.018510  0.001875  0.011100  0.219607  0.479599  0.302083 
T | 0.230029  0.431193  0.947957  0.006366  0.007780  0.847842  0.524773  0.065628  0.211364 

>207_CTT_ITYGK/1..57
A | 0.247638  0.150262  0.055601  0.766884  0.968626  0.039685  0.254326  0.297786  0.211691 
C | 0.243344  0.303060  0.029210  0.045433  0.004836  0.163873  0.135257  0.210865  0.285419 
G | 0.272709  0.112068  0.010799  0.176193  0.011059  0.000000  0.202499  0.241905  0.293208 
T | 0.236308  0.434611  0.904390  0.011491  0.015479  0.796442  0.407917  0.249445  0.209683 

>208_CTC_HFNRK/1..57
A | 0.250587  0.106525  0.114259  0.946084  0.961791  0.053104  0.394913  0.329830  0.234609 
C | 0.301851  0.246999  0.000000  0.017789  0.004675  0.318894  0.148797  0.219967  0.258214 
G | 0.252566  0.107100  0.015020  0.036126  0.013345  0.000000  0.173191  0.238079  0.305386 
T | 0.194996  0.539376  0.870721  0.000000  0.020190  0.628002  0.283099  0.212124  0.201790 

>209_CGC_PRDSR/1..57
A | 0.234235  0.108950  0.093874  0.720231  0.980242  0.020057  0.441514  0.297625  0.179965 
C | 0.252689  0.219426  0.000000  0.023821  0.008486  0.392679  0.110334  0.233470  0.276923 
G | 0.280481  0.135562  0.026263  0.213140  0.002916  0.000000  0.031587  0.253892  0.271980 
T | 0.232596  0.536062  0.879864  0.042808  0.008356  0.587264  0.416565  0.215013  0.271132 

>20_TAC_QRVSA/1..57
A | 0.222724  0.166873  0.060415  0.954608  0.981426  0.013798  0.138647  0.305876  0.208096 
C | 0.252162  0.337008  0.000000  0.009465  0.009290  0.024961  0.208654  0.314179  0.193669 
G | 0.305945  0.113979  0.018387  0.029674  0.001716  0.004142  0.098375  0.183825  0.364259 
T | 0.219168  0.382141  0.921198  0.006252  0.007569  0.957099  0.554323  0.196120  0.233977 

>11_TGA_KSVAQ/1..57
A | 0.266569  0.154197  0.075743  0.906593  0.980120  0.014415  0.222713  0.458823  0.257906 
C | 0.235148  0.285729  0.009090  0.013287  0.008437  0.185738  0.061556  0.268303  0.248513 
G | 0.282473  0.107808  0.014534  0.015010  0.002467  0.000000  0.291400  0.110185  0.315813 
T | 0.215810  0.452266  0.900632  0.065110  0.008976  0.799847  0.424331  0.162689  0.177768 

>210_CCG_RSNQK/1..57
A | 0.263397  0.097145  0.051115  0.941006  0.977768  0.038456  0.289549  0.450726  0.229978 
C | 0.278996  0.235073  0.000714  0.021470  0.008010  0.320649  0.035120  0.054509  0.269935 
G | 0.273922  0.096401  0.007946  0.037525  0.003642  0.000000  0.230820  0.407374  0.293936 
T | 0.183685  0.571382  0.940226  0.000000  0.010580  0.640896  0.444511  0.087391  0.206150 

>211_ATT_TKNQN/1..57
A | 0.263417  0.090527  0.048414  0.936982  0.981234  0.085133  0.295817  0.304671  0.223107 
C | 0.278100  0.219094  0.017245  0.016851  0.009654  0.189700  0.035098  0.015849  0.280474 
G | 0.273395  0.102490  0.014925  0.046167  0.001704  0.071371  0.208337  0.553445  0.281801 
T | 0.185088  0.587888  0.919416  0.000000  0.007408  0.653796  0.460748  0.126035  0.214617 

>212_ATA_RVTNA/1..57
A | 0.226029  0.175152  0.067847  0.924622  0.981044  0.057173  0.283432  0.190947  0.188053 
C | 0.253147  0.281861  0.007212  0.011850  0.008760  0.146795  0.264625  0.295460  0.318133 
G | 0.298009  0.117519  0.019660  0.031664  0.001958  0.028957  0.015282  0.253627  0.290026 
T | 0.222815  0.425467  0.905281  0.031863  0.008237  0.767075  0.436660  0.259967  0.203788 

>213_AGG_KMKES/1..57
A | 0.235333  0.166549  0.046193  0.964189  0.979172  0.019240  0.257524  0.310053  0.212249 
C | 0.256265  0.292891  0.002999  0.011249  0.009857  0.038860  0.138459  0.229581  0.296434 
G | 0.287879  0.114708  0.006788  0.022496  0.002927  0.000000  0.154932  0.230436  0.287351 
T | 0.220523  0.425852  0.944020  0.002065  0.008044  0.941901  0.449084  0.229930  0.203966 

>215_TTC_KRLAA/1..57
A | 0.233037  0.111067  0.045376  0.963374  0.980205  0.024489  0.180676  0.276184  0.222041 
C | 0.262841  0.288395  0.002774  0.005402  0.009105  0.187640  0.159645  0.245581  0.268908 
G | 0.281640  0.109481  0.012076  0.025991  0.002215  0.000000  0.000000  0.224812  0.303698 
T | 0.222483  0.491057  0.939773  0.005234  0.008476  0.787871  0.659680  0.253423  0.205353 

>216_TGC_NRVMM/1..57
A | 0.236556  0.141207  0.030184  0.957077  0.977933  0.005202  0.149873  0.466975  0.209465 
C | 0.249776  0.358668  0.000000  0.014397  0.010652  0.028232  0.171216  0.244785  0.310639 
G | 0.301084  0.108441  0.014532  0.028526  0.003506  0.010441  0.328789  0.092270  0.279576 
T | 0.212583  0.391684  0.955285  0.000000  0.007909  0.956125  0.350122  0.195970  0.200320 

>217_GGG_KSKEG/1..57
A | 0.236962  0.138912  0.043622  0.964504  0.979702  0.018313  0.260977  0.312079  0.209934 
C | 0.255604  0.316438  0.000000  0.011618  0.009376  0.039590  0.124713  0.225832  0.291150 
G | 0.287311  0.099963  0.008627  0.022204  0.002791  0.000000  0.181164  0.229828  0.290831 
T | 0.220123  0.444687  0.947751  0.001673  0.008131  0.942097  0.433146  0.232261  0.208085 

>218_CTG_KQNQK/1..57
A | 0.263397  0.097145  0.051115  0.941006  0.977768  0.038456  0.289549  0.450726  0.229978 
C | 0.278996  0.235073  0.000714  0.021470  0.008010  0.320649  0.035120  0.054509  0.269935 
G | 0.273922  0.096401  0.007946  0.037525  0.003642  0.000000  0.230820  0.407374  0.293936 
T | 0.183685  0.571382  0.940226  0.000000  0.010580  0.640896  0.444511  0.087391  0.206150 

>219_CTG_KVYER/1..57
A | 0.239477  0.090536  0.049751  0.756703  0.979390  0.000000  0.412482  0.286515  0.215341 
C | 0.253617  0.230806  0.000000  0.007826  0.008875  0.325717  0.091744  0.218946  0.284801 
G | 0.274841  0.126118  0.007978  0.224062  0.003314  0.012576  0.038950  0.261113  0.276487 
T | 0.232065  0.552540  0.942271  0.011409  0.008422  0.661707  0.456824  0.233425  0.223370 

>21_TAC_ERVSV/1..57
A | 0.282033  0.121892  0.055354  0.902065  0.980838  0.020053  0.221519  0.398444  0.180637 
C | 0.202957  0.375776  0.000000  0.041017  0.009169  0.035573  0.128793  0.260695  0.209986 
G | 0.333690  0.078443  0.021771  0.000000  0.002327  0.002490  0.249670  0.142390  0.364788 
T | 0.181319  0.423889  0.922875  0.056918  0.007666  0.941885  0.400018  0.198471  0.244589 

>12_TGA_RGVAA/1..57
A | 0.230883  0.119153  0.040298  0.964324  0.980830  0.011764  0.154294  0.354619  0.236905 
C | 0.255891  0.314746  0.002904  0.006190  0.009313  0.169354  0.174913  0.297138  0.256664 
G | 0.289917  0.108336  0.012008  0.023694  0.001790  0.001343  0.032851  0.142900  0.316366 
T | 0.223309  0.457764  0.944790  0.005792  0.008067  0.817539  0.637943  0.205343  0.190066 

>220_CTG_LTYQK/1..57
A | 0.235713  0.144068  0.048341  0.958699  0.977245  0.015499  0.117868  0.527499  0.221150 
C | 0.261448  0.319992  0.003839  0.018856  0.008098  0.134489  0.000950  0.006405  0.281644 
G | 0.288813  0.101127  0.009114  0.022091  0.004018  0.000722  0.278946  0.415298  0.299839 
T | 0.214026  0.434813  0.938705  0.000354  0.010638  0.849290  0.602236  0.050798  0.197367 

>221_CTG_RLYQK/1..57
A | 0.235713  0.144068  0.048341  0.958699  0.977245  0.015499  0.117868  0.527499  0.221150 
C | 0.261448  0.319992  0.003839  0.018856  0.008098  0.134489  0.000950  0.006405  0.281644 
G | 0.288813  0.101127  0.009114  0.022091  0.004018  0.000722  0.278946  0.415298  0.299839 
T | 0.214026  0.434813  0.938705  0.000354  0.010638  0.849290  0.602236  0.050798  0.197367 

>222_CTC_SKYGK/1..57
A | 0.247638  0.150262  0.055601  0.766884  0.968626  0.039685  0.254326  0.297786  0.211691 
C | 0.243344  0.303060  0.029210  0.045433  0.004836  0.163873  0.135257  0.210865  0.285419 
G | 0.272709  0.112068  0.010799  0.176193  0.011059  0.000000  0.202499  0.241905  0.293208 
T | 0.236308  0.434611  0.904390  0.011491  0.015479  0.796442  0.407917  0.249445  0.209683 

>223_CTC_RTFGK/1..57
A | 0.247638  0.150262  0.055601  0.766884  0.968626  0.039685  0.254326  0.297786  0.211691 
C | 0.243344  0.303060  0.029210  0.045433  0.004836  0.163873  0.135257  0.210865  0.285419 
G | 0.272709  0.112068  0.010799  0.176193  0.011059  0.000000  0.202499  0.241905  0.293208 
T | 0.236308  0.434611  0.904390  0.011491  0.015479  0.796442  0.407917  0.249445  0.209683 

>224_CCC_IMNSK/1..57
A | 0.250549  0.111154  0.077331  0.939528  0.977647  0.041727  0.396381  0.343052  0.195190 
C | 0.269409  0.236806  0.000000  0.020097  0.007618  0.333001  0.157006  0.230207  0.216897 
G | 0.280374  0.115775  0.023164  0.040375  0.003898  0.000000  0.172527  0.230123  0.308411 
T | 0.199668  0.536265  0.899505  0.000000  0.010837  0.625272  0.274086  0.196618  0.279502 

>225_AAC_SLQRF/1..57
A | 0.239138  0.145999  0.103317  0.899401  0.955160  0.060973  0.265000  0.332677  0.219456 
C | 0.283704  0.319101  0.064076  0.038665  0.005196  0.025622  0.116528  0.223370  0.278700 
G | 0.260397  0.101913  0.026821  0.061934  0.019292  0.014438  0.187685  0.220379  0.298686 
T | 0.216762  0.432988  0.805785  0.000000  0.020352  0.898967  0.430786  0.223574  0.203159 

>226_TTT_KMISA/1..57
A | 0.221492  0.165477  0.079094  0.911810  0.980031  0.016468  0.121075  0.299310  0.176552 
C | 0.256749  0.313679  0.014257  0.008957  0.008867  0.024609  0.184820  0.277437  0.237378 
G | 0.293052  0.119517  0.016991  0.064161  0.002682  0.006209  0.071021  0.203526  0.324836 
T | 0.228708  0.401327  0.889657  0.015071  0.008419  0.952714  0.623084  0.219727  0.261234 

>227_TTT_YRIAA/1..57
A | 0.229607  0.100878  0.048278  0.940246  0.979590  0.022086  0.129369  0.288156  0.214852 
C | 0.258034  0.287414  0.010585  0.003275  0.009034  0.134209  0.129033  0.242096  0.281184 
G | 0.277399  0.118059  0.009953  0.048067  0.002688  0.000000  0.010733  0.221707  0.295263 
T | 0.234959  0.493648  0.931185  0.008412  0.008688  0.843706  0.730864  0.248041  0.208701 

>228_TTG_KMLQA/1..57
A | 0.234751  0.166334  0.047296  0.936236  0.980930  0.015780  0.064732  0.513195  0.223068 
C | 0.264827  0.301793  0.014251  0.011782  0.009552  0.031848  0.039552  0.010356  0.273683 
G | 0.292743  0.122153  0.009627  0.045402  0.001807  0.001637  0.134237  0.433917  0.306175 
T | 0.207679  0.409720  0.928825  0.006579  0.007711  0.950735  0.761480  0.042532  0.197074 

>229_TTC_GRISA/1..57
A | 0.221492  0.165477  0.079094  0.911810  0.980031  0.016468  0.121075  0.299310  0.176552 
C | 0.256749  0.313679  0.014257  0.008957  0.008867  0.024609  0.184820  0.277437  0.237378 
G | 0.293052  0.119517  0.016991  0.064161  0.002682  0.006209  0.071021  0.203526  0.324836 
T | 0.228708  0.401327  0.889657  0.015071  0.008419  0.952714  0.623084  0.219727  0.261234 

>13_TCT_ATVKA/1..57
A | 0.231399  0.166411  0.034596  0.963318  0.981811  0.009743  0.086985  0.096803  0.194871 
C | 0.248749  0.321320  0.004804  0.006513  0.009851  0.007316  0.787366  0.691311  0.321209 
G | 0.304156  0.109478  0.007904  0.019110  0.001246  0.035028  0.044783  0.013941  0.281687 
T | 0.215695  0.402792  0.952696  0.011059  0.007092  0.947913  0.080866  0.197945  0.202233 

>22_TAA_RITAA/1..57
A | 0.222426  0.125423  0.051898  0.958794  0.980393  0.052918  0.212377  0.253015  0.211960 
C | 0.258710  0.277440  0.008309  0.011108  0.008489  0.230336  0.178640  0.248698  0.260891 
G | 0.287409  0.119340  0.021957  0.027419  0.002303  0.023623  0.025719  0.232855  0.315138 
T | 0.231455  0.477797  0.917836  0.002679  0.008814  0.693123  0.583264  0.265432  0.212011 

>230_TGC_ERISQ/1..57
A | 0.253795  0.167991  0.107778  0.885530  0.979665  0.015895  0.181518  0.380524  0.187681 
C | 0.243626  0.284903  0.002283  0.028739  0.008349  0.025739  0.106815  0.247262  0.242558 
G | 0.279742  0.102589  0.021280  0.030085  0.003032  0.005566  0.231559  0.188501  0.310820 
T | 0.222837  0.444517  0.868659  0.055646  0.008953  0.952800  0.480109  0.183713  0.258940 

>232_TCG_IKNQM/1..57
A | 0.257747  0.097893  0.041516  0.942706  0.979541  0.044338  0.192533  0.480346  0.209344 
C | 0.276208  0.248067  0.000000  0.017551  0.009346  0.232125  0.141539  0.052343  0.313224 
G | 0.278902  0.111241  0.009573  0.039743  0.002582  0.000000  0.367540  0.362768  0.260322 
T | 0.187143  0.542799  0.948911  0.000000  0.008531  0.723536  0.298388  0.104543  0.217110 

>233_TCG_VMNQQ/1..57
A | 0.283057  0.123163  0.087013  0.882989  0.980956  0.033395  0.302774  0.461548  0.238249 
C | 0.263701  0.219633  0.012002  0.036570  0.009006  0.208102  0.022561  0.076661  0.269254 
G | 0.268518  0.099665  0.003277  0.039793  0.001841  0.000000  0.237202  0.382424  0.289746 
T | 0.184725  0.557539  0.897707  0.040648  0.008197  0.758503  0.437463  0.079367  0.202751 

>234_TCA_AMVQR/1..57
A | 0.238787  0.087469  0.039390  0.755057  0.980089  0.000000  0.255983  0.574702  0.233402 
C | 0.251362  0.268268  0.000000  0.012157  0.009130  0.279956  0.000000  0.074683  0.278178 
G | 0.283538  0.120255  0.008517  0.223381  0.002848  0.022122  0.140283  0.289933  0.284938 
T | 0.226314  0.524008  0.952093  0.009404  0.007933  0.697922  0.603734  0.060682  0.203481 

>235_TAT_RAVSV/1..57
A | 0.282033  0.121892  0.055354  0.902065  0.980838  0.020053  0.221519  0.398444  0.180637 
C | 0.202957  0.375776  0.000000  0.041017  0.009169  0.035573  0.128793  0.260695  0.209986 
G | 0.333690  0.078443  0.021771  0.000000  0.002327  0.002490  0.249670  0.142390  0.364788 
T | 0.181319  0.423889  0.922875  0.056918  0.007666  0.941885  0.400018  0.198471  0.244589 

>236_TAG_KSTQM/1..57
A | 0.218600  0.156134  0.037573  0.970388  0.979760  0.044994  0.104616  0.453714  0.190087 
C | 0.252025  0.321201  0.001286  0.007153  0.009122  0.054985  0.139263  0.003398  0.318304 
G | 0.305727  0.116137  0.009871  0.014246  0.002515  0.021630  0.368342  0.461697  0.276280 
T | 0.223647  0.406528  0.951270  0.008214  0.008603  0.878391  0.387778  0.081191  0.215329 

>237_TAG_YAVNA/1..57
A | 0.234301  0.169272  0.052565  0.933840  0.981444  0.020032  0.241632  0.303935  0.217848 
C | 0.250988  0.319378  0.005086  0.005638  0.009469  0.078979  0.272195  0.344416  0.308060 
G | 0.298154  0.106897  0.013436  0.026815  0.001515  0.001780  0.011900  0.153736  0.297154 
T | 0.216557  0.404453  0.928912  0.033707  0.007571  0.899209  0.474273  0.197912  0.176938 

>238_TAC_QRISV/1..57
A | 0.303585  0.107223  0.059661  0.901635  0.979459  0.027778  0.200234  0.426855  0.151934 
C | 0.191117  0.376365  0.000000  0.043852  0.008991  0.041230  0.129576  0.261529  0.239291 
G | 0.339817  0.066006  0.023389  0.000482  0.003263  0.000855  0.217434  0.113261  0.344501 
T | 0.165481  0.450406  0.916950  0.054030  0.008287  0.930137  0.452756  0.198355  0.264274 

>239_TAA_RTVRA/1..57
A | 0.227967  0.159299  0.103090  0.957124  0.964516  0.026316  0.139565  0.367651  0.236407 
C | 0.285945  0.338187  0.000000  0.010167  0.005989  0.012823  0.183334  0.302228  0.254860 
G | 0.274309  0.106412  0.014897  0.027604  0.010727  0.016300  0.074609  0.140550  0.329786 
T | 0.211778  0.396102  0.882013  0.005105  0.018767  0.944561  0.602492  0.189571  0.178947 

>14_TCG_KGTQM/1..57
A | 0.218600  0.156134  0.037573  0.970388  0.979760  0.044994  0.104616  0.453714  0.190087 
C | 0.252025  0.321201  0.001286  0.007153  0.009122  0.054985  0.139263  0.003398  0.318304 
G | 0.305727  0.116137  0.009871  0.014246  0.002515  0.021630  0.368342  0.461697  0.276280 
T | 0.223647  0.406528  0.951270  0.008214  0.008603  0.878391  0.387778  0.081191  0.215329 

>23_GTT_GTRAY/1..57
A | 0.212437  0.117466  0.108219  0.947378  0.957375  0.202905  0.298087  0.216128  0.194947 
C | 0.341466  0.290045  0.093303  0.019135  0.005959  0.051225  0.080901  0.194191  0.276630 
G | 0.226264  0.098167  0.040986  0.033488  0.012967  0.404690  0.138682  0.321570  0.313769 
T | 0.219833  0.494323  0.757492  0.000000  0.023700  0.341180  0.482329  0.268112  0.214655 

>240_GTT_SSRGF/1..57
A | 0.222834  0.145543  0.150254  0.765317  0.950205  0.079689  0.268120  0.291224  0.203068 
C | 0.326924  0.310264  0.043022  0.046662  0.004787  0.052938  0.122458  0.213403  0.297620 
G | 0.221872  0.111876  0.000000  0.179655  0.017499  0.020912  0.193902  0.241800  0.278422 
T | 0.228371  0.432316  0.806724  0.008366  0.027509  0.846462  0.415520  0.253573  0.220890 

>241_GTT_GLRAF/1..57
A | 0.210558  0.104771  0.146755  0.963265  0.958156  0.068116  0.298266  0.310754  0.221103 
C | 0.342403  0.301120  0.020552  0.011900  0.006593  0.187505  0.084945  0.219569  0.278605 
G | 0.228575  0.105114  0.000000  0.024835  0.012275  0.011005  0.184988  0.221281  0.289569 
T | 0.218464  0.488995  0.832693  0.000000  0.022977  0.733374  0.431801  0.248396  0.210723 

>242_GTC_LQRGA/1..57
A | 0.216893  0.157478  0.151141  0.759872  0.951392  0.079637  0.167563  0.253292  0.207975 
C | 0.334041  0.302280  0.047839  0.042292  0.004948  0.048930  0.192248  0.247197  0.283384 
G | 0.228120  0.122232  0.000000  0.184396  0.016489  0.020727  0.037053  0.241173  0.295965 
T | 0.220946  0.418010  0.801020  0.013439  0.027172  0.850706  0.603136  0.258338  0.212676 

>243_GGT_ATKSM/1..57
A | 0.230460  0.146054  0.066757  0.959792  0.978794  0.020014  0.196804  0.362762  0.178379 
C | 0.255347  0.326065  0.000000  0.011427  0.008875  0.054506  0.196674  0.234956  0.279473 
G | 0.295744  0.111722  0.024434  0.025551  0.003397  0.000000  0.304091  0.178128  0.277376 
T | 0.218448  0.416159  0.908809  0.003229  0.008934  0.925481  0.302431  0.224155  0.264773 

>244_GGT_KMKSV/1..57
A | 0.294438  0.115446  0.060930  0.903266  0.980166  0.032671  0.249599  0.402752  0.157956 
C | 0.196403  0.359402  0.000000  0.041650  0.009056  0.057620  0.137226  0.252967  0.231289 
G | 0.338419  0.074341  0.022336  0.000000  0.002776  0.000000  0.207605  0.135949  0.339927 
T | 0.170740  0.450811  0.916734  0.055084  0.008003  0.909709  0.405570  0.208333  0.270829 

>245_GCT_RAVKW/1..57
A | 0.236372  0.152571  0.035615  0.967057  0.981089  0.013297  0.244481  0.163966  0.198421 
C | 0.245103  0.336677  0.002235  0.010229  0.009747  0.006926  0.598981  0.619272  0.320912 
G | 0.301000  0.105169  0.008297  0.016022  0.001772  0.036341  0.156537  0.025288  0.276786 
T | 0.217525  0.405583  0.953853  0.006693  0.007392  0.943436  0.000000  0.191475  0.203881 

>246_GCT_ISVKY/1..57
A | 0.238748  0.164625  0.007135  0.959464  0.979823  0.114408  0.253719  0.114375  0.177553 
C | 0.244517  0.324760  0.084799  0.016395  0.008913  0.000000  0.597844  0.576211  0.316568 
G | 0.297691  0.097698  0.051650  0.023837  0.002926  0.432062  0.117604  0.077334  0.297668 
T | 0.219044  0.412918  0.856416  0.000304  0.008338  0.453530  0.030833  0.232080  0.208212 

>247_GCG_RTDRS/1..57
A | 0.233211  0.177480  0.131140  0.923308  0.962942  0.070344  0.305365  0.302719  0.217732 
C | 0.288633  0.290064  0.000000  0.023895  0.006537  0.176761  0.148732  0.221566  0.331549 
G | 0.263105  0.113870  0.019234  0.015667  0.011702  0.000000  0.135019  0.244126  0.272989 
T | 0.215051  0.418586  0.849626  0.037129  0.018818  0.752896  0.410884  0.231589  0.177730 

>249_GCA_QLKQS/1..57
A | 0.234080  0.185803  0.044428  0.959636  0.979749  0.016781  0.123267  0.514067  0.215920 
C | 0.259844  0.281782  0.003929  0.016022  0.010173  0.035139  0.000000  0.007755  0.297361 
G | 0.290292  0.131132  0.006639  0.024342  0.002392  0.000333  0.242017  0.424350  0.285722 
T | 0.215784  0.401284  0.945005  0.000000  0.007686  0.947747  0.634716  0.053828  0.200997 

>15_TCC_RMIKS/1..57
A | 0.233413  0.176534  0.051012  0.947465  0.979078  0.019203  0.218176  0.122025  0.187513 
C | 0.252004  0.288335  0.008058  0.015030  0.010088  0.010311  0.608200  0.558791  0.338851 
G | 0.287737  0.120622  0.004182  0.030986  0.002982  0.030163  0.111456  0.093918  0.264167 
T | 0.226845  0.414509  0.936748  0.006518  0.007851  0.940324  0.062169  0.225267  0.209469 

>24_GTG_HLIQY/1..57
A | 0.232758  0.155534  0.031819  0.923125  0.978765  0.106312  0.109567  0.402976  0.171368 
C | 0.260090  0.312345  0.069442  0.024969  0.009067  0.000000  0.000000  0.000000  0.298012 
G | 0.283715  0.097361  0.040777  0.051906  0.003458  0.485463  0.182055  0.555542  0.320065 
T | 0.223438  0.434761  0.857962  0.000000  0.008711  0.408225  0.708378  0.041481  0.210555 

>250_GAT_AGKTF/1..57
A | 0.236962  0.138912  0.043622  0.964504  0.979702  0.018313  0.260977  0.312079  0.209934 
C | 0.255604  0.316438  0.000000  0.011618  0.009376  0.039590  0.124713  0.225832  0.291150 
G | 0.287311  0.099963  0.008627  0.022204  0.002791  0.000000  0.181164  0.229828  0.290831 
T | 0.220123  0.444687  0.947751  0.001673  0.008131  0.942097  0.433146  0.232261  0.208085 

>251_CTT_VGYSR/1..57
A | 0.233871  0.098986  0.075787  0.752316  0.979834  0.000482  0.405505  0.314932  0.179427 
C | 0.252842  0.229568  0.000000  0.010903  0.008622  0.334190  0.097494  0.239058  0.232247 
G | 0.280888  0.132827  0.021291  0.226977  0.003157  0.009185  0.048483  0.235999  0.292971 
T | 0.232400  0.538619  0.902922  0.009804  0.008388  0.656143  0.448517  0.210010  0.295355 

>252_CTC_LRYSK/1..57
A | 0.231245  0.149340  0.075026  0.955102  0.976960  0.022531  0.244974  0.337272  0.186172 
C | 0.256415  0.315659  0.000000  0.018195  0.007488  0.146426  0.144465  0.246521  0.226899 
G | 0.292237  0.104831  0.021913  0.025762  0.004474  0.000000  0.195855  0.206850  0.320430 
T | 0.220103  0.430171  0.903061  0.000942  0.011078  0.831042  0.414706  0.209357  0.266499 

>253_CGT_VANSR/1..57
A | 0.249070  0.070105  0.081161  0.821099  0.980858  0.000000  0.632527  0.323922  0.189232 
C | 0.262929  0.189803  0.000000  0.000000  0.009006  0.636529  0.077061  0.226806  0.221777 
G | 0.269030  0.131523  0.021991  0.162612  0.002197  0.016118  0.051677  0.253021  0.280014 
T | 0.218972  0.608570  0.896847  0.016289  0.007939  0.347352  0.238735  0.196251  0.308977 

>255_CCT_RADGK/1..57
A | 0.248228  0.161045  0.077115  0.735441  0.969100  0.068724  0.306613  0.275814  0.212189 
C | 0.243195  0.291788  0.027025  0.058203  0.004643  0.268628  0.151315  0.206073  0.331023 
G | 0.271928  0.113955  0.017299  0.163596  0.010768  0.000000  0.175707  0.264352  0.269158 
T | 0.236649  0.433212  0.878561  0.042760  0.015488  0.662648  0.366366  0.253762  0.187629 

>256_CCA_RLYQK/1..57
A | 0.235713  0.144068  0.048341  0.958699  0.977245  0.015499  0.117868  0.527499  0.221150 
C | 0.261448  0.319992  0.003839  0.018856  0.008098  0.134489  0.000950  0.006405  0.281644 
G | 0.288813  0.101127  0.009114  0.022091  0.004018  0.000722  0.278946  0.415298  0.299839 
T | 0.214026  0.434813  0.938705  0.000354  0.010638  0.849290  0.602236  0.050798  0.197367 

>257_CAT_KLCSR/1..57
A | 0.233871  0.098986  0.075787  0.752316  0.979834  0.000482  0.405505  0.314932  0.179427 
C | 0.252842  0.229568  0.000000  0.010903  0.008622  0.334190  0.097494  0.239058  0.232247 
G | 0.280888  0.132827  0.021291  0.226977  0.003157  0.009185  0.048483  0.235999  0.292971 
T | 0.232400  0.538619  0.902922  0.009804  0.008388  0.656143  0.448517  0.210010  0.295355 

>258_ATT_RTVQQ/1..57
A | 0.264667  0.167706  0.075290  0.903028  0.980685  0.007967  0.104754  0.651469  0.250655 
C | 0.239745  0.319699  0.014375  0.020501  0.008918  0.015345  0.000000  0.058128  0.264469 
G | 0.285153  0.099635  0.006879  0.014798  0.002190  0.007825  0.323804  0.268322  0.307660 
T | 0.210435  0.412960  0.903455  0.061674  0.008207  0.968863  0.571442  0.022082  0.177216 

>259_ATA_KMYAW/1..57
A | 0.234639  0.108293  0.048122  0.969248  0.979496  0.027935  0.299457  0.310798  0.220355 
C | 0.258216  0.294788  0.000000  0.007577  0.009087  0.209408  0.085230  0.219525  0.279353 
G | 0.279855  0.105364  0.011449  0.021333  0.002810  0.000000  0.183798  0.221241  0.290702 
T | 0.227289  0.491555  0.940429  0.001843  0.008607  0.762658  0.431516  0.248435  0.209591 

>168_ACG_SRYDR/1..57
A | 0.239477  0.090536  0.049751  0.756703  0.979390  0.000000  0.412482  0.286515  0.215341 
C | 0.253617  0.230806  0.000000  0.007826  0.008875  0.325717  0.091744  0.218946  0.284801 
G | 0.274841  0.126118  0.007978  0.224062  0.003314  0.012576  0.038950  0.261113  0.276487 
T | 0.232065  0.552540  0.942271  0.011409  0.008422  0.661707  0.456824  0.233425  0.223370 

>25_GTA_YTRQV/1..57
A | 0.265868  0.090417  0.130187  0.903681  0.959675  0.067915  0.099876  0.626917  0.176159 
C | 0.289691  0.390724  0.019607  0.043589  0.007585  0.024622  0.011152  0.015547  0.258362 
G | 0.279661  0.053656  0.000000  0.000000  0.010448  0.020767  0.317764  0.317674  0.340035 
T | 0.164779  0.465203  0.850206  0.052730  0.022292  0.886696  0.571208  0.039862  0.225444 

>260_ATA_KAYNA/1..57
A | 0.238287  0.163917  0.063002  0.928090  0.980767  0.031722  0.269667  0.207338  0.197455 
C | 0.256723  0.293404  0.006332  0.006634  0.009227  0.101593  0.255082  0.294059  0.327467 
G | 0.293565  0.109794  0.014445  0.032320  0.001974  0.000000  0.000000  0.250547  0.279824 
T | 0.211426  0.432885  0.916220  0.032955  0.008031  0.866684  0.475251  0.248056  0.195253 

>261_AGG_KSKEA/1..57
A | 0.233538  0.152976  0.045516  0.953990  0.980440  0.018549  0.164582  0.272121  0.213558 
C | 0.260809  0.305450  0.007131  0.007904  0.009318  0.034627  0.187975  0.258475  0.277946 
G | 0.291025  0.112621  0.008288  0.031039  0.002203  0.000000  0.026243  0.229726  0.307469 
T | 0.214627  0.428953  0.939066  0.007066  0.008039  0.946824  0.621200  0.239678  0.201027 

>262_AGA_QFRAW/1..57
A | 0.210558  0.104771  0.146755  0.963265  0.958156  0.068116  0.298266  0.310754  0.221103 
C | 0.342403  0.301120  0.020552  0.011900  0.006593  0.187505  0.084945  0.219569  0.278605 
G | 0.228575  0.105114  0.000000  0.024835  0.012275  0.011005  0.184988  0.221281  0.289569 
T | 0.218464  0.488995  0.832693  0.000000  0.022977  0.733374  0.431801  0.248396  0.210723 

>263_AGA_VRFAA/1..57
A | 0.233037  0.111067  0.045376  0.963374  0.980205  0.024489  0.180676  0.276184  0.222041 
C | 0.262841  0.288395  0.002774  0.005402  0.009105  0.187640  0.159645  0.245581  0.268908 
G | 0.281640  0.109481  0.012076  0.025991  0.002215  0.000000  0.000000  0.224812  0.303698 
T | 0.222483  0.491057  0.939773  0.005234  0.008476  0.787871  0.659680  0.253423  0.205353 

>264_ACT_KVYHV/1..57
A | 0.286818  0.106115  0.033243  0.904137  0.977937  0.165850  0.222705  0.393750  0.175123 
C | 0.209295  0.360779  0.003476  0.042979  0.009822  0.000000  0.212234  0.237433  0.259239 
G | 0.344195  0.069195  0.012010  0.000000  0.003177  0.061388  0.228344  0.145435  0.339799 
T | 0.159693  0.463911  0.951271  0.052884  0.009065  0.772761  0.336717  0.223383  0.225839 

>265_ACG_WYSKY/1..57
A | 0.240155  0.155900  0.014382  0.952184  0.979083  0.124263  0.265626  0.044799  0.170181 
C | 0.251589  0.298440  0.086201  0.020661  0.008808  0.000000  0.585029  0.514528  0.323579 
G | 0.286921  0.095629  0.050621  0.027154  0.003453  0.436120  0.088378  0.148864  0.290417 
T | 0.221335  0.450030  0.848796  0.000000  0.008656  0.439617  0.060967  0.291809  0.215823 

>266_ACC_KACHS/1..57
A | 0.223240  0.164941  0.045213  0.956440  0.977251  0.158160  0.218921  0.316210  0.213879 
C | 0.269320  0.293302  0.008737  0.016535  0.010298  0.000000  0.226698  0.238034  0.295472 
G | 0.298349  0.114297  0.008576  0.027026  0.003215  0.061154  0.187519  0.221267  0.286664 
T | 0.209092  0.427460  0.937474  0.000000  0.009236  0.780687  0.366862  0.224488  0.203985 

>267_ACA_RVSHT/1..57
A | 0.221194  0.126599  0.035113  0.963345  0.978787  0.167529  0.229364  0.288085  0.215775 
C | 0.270325  0.312536  0.004481  0.014756  0.009937  0.000000  0.220295  0.226262  0.292483 
G | 0.297462  0.111640  0.009882  0.021900  0.002407  0.052674  0.209176  0.252485  0.287401 
T | 0.211019  0.449225  0.950524  0.000000  0.008869  0.779797  0.341165  0.233168  0.204341 

>268_AAT_KLQAF/1..57
A | 0.240386  0.114785  0.045938  0.907802  0.970469  0.049568  0.308071  0.313401  0.221558 
C | 0.252792  0.288749  0.073392  0.032522  0.007045  0.197922  0.083770  0.216943  0.278020 
G | 0.276786  0.110676  0.017555  0.059676  0.011411  0.000000  0.183536  0.223288  0.289085 
T | 0.230036  0.485791  0.863115  0.000000  0.011075  0.752510  0.424623  0.246369  0.211338 

>17_TAT_TRVSA/1..57
A | 0.222724  0.166873  0.060415  0.954608  0.981426  0.013798  0.138647  0.305876  0.208096 
C | 0.252162  0.337008  0.000000  0.009465  0.009290  0.024961  0.208654  0.314179  0.193669 
G | 0.305945  0.113979  0.018387  0.029674  0.001716  0.004142  0.098375  0.183825  0.364259 
T | 0.219168  0.382141  0.921198  0.006252  0.007569  0.957099  0.554323  0.196120  0.233977 

>269_AAT_KVTNF/1..57
A | 0.226532  0.162842  0.066452  0.933444  0.980386  0.074017  0.311159  0.187894  0.184762 
C | 0.249008  0.292331  0.000000  0.013193  0.008781  0.128173  0.269502  0.272699  0.328561 
G | 0.295432  0.106728  0.018493  0.024409  0.002471  0.003129  0.107198  0.266416  0.277424 
T | 0.229028  0.438100  0.915056  0.028953  0.008362  0.794681  0.312141  0.272991  0.209253 

>26_GGT_ALKNM/1..57
A | 0.239073  0.146585  0.056601  0.942276  0.978753  0.030406  0.273814  0.273121  0.181691 
C | 0.253054  0.318031  0.000000  0.004349  0.009062  0.111956  0.300116  0.259751  0.353882 
G | 0.293809  0.105746  0.017473  0.024502  0.003250  0.000000  0.217335  0.206706  0.256961 
T | 0.214063  0.429639  0.925926  0.028872  0.008935  0.857638  0.208735  0.260423  0.207466 

>270_AAG_RAQWF/1..57
A | 0.242877  0.145465  0.041034  0.903154  0.970513  0.042370  0.271073  0.315578  0.211601 
C | 0.250178  0.310495  0.075682  0.036436  0.007201  0.028004  0.123670  0.222558  0.289353 
G | 0.283865  0.105322  0.015241  0.060410  0.011525  0.008758  0.180217  0.232361  0.288750 
T | 0.223080  0.438718  0.868042  0.000000  0.010761  0.920868  0.425040  0.229503  0.210296 

>271_AAC_KLQRF/1..57
A | 0.239138  0.145999  0.103317  0.899401  0.955160  0.060973  0.265000  0.332677  0.219456 
C | 0.283704  0.319101  0.064076  0.038665  0.005196  0.025622  0.116528  0.223370  0.278700 
G | 0.260397  0.101913  0.026821  0.061934  0.019292  0.014438  0.187685  0.220379  0.298686 
T | 0.216762  0.432988  0.805785  0.000000  0.020352  0.898967  0.430786  0.223574  0.203159 

>272_AAC_VAQRC/1..57
A | 0.246272  0.142548  0.105981  0.880340  0.951543  0.068440  0.258647  0.304198  0.223639 
C | 0.271034  0.323582  0.074796  0.029984  0.004922  0.028943  0.125198  0.227335  0.277214 
G | 0.270944  0.106194  0.028624  0.089675  0.020610  0.086696  0.203223  0.247478  0.295248 
T | 0.211749  0.427676  0.790599  0.000000  0.022925  0.815921  0.412932  0.220989  0.203899 

>27_GGT_LTKDQ/1..57
A | 0.264207  0.167996  0.082177  0.899314  0.979901  0.019844  0.220215  0.356154  0.230046 
C | 0.242161  0.281544  0.011702  0.020164  0.008628  0.036248  0.100195  0.224373  0.274719 
G | 0.279065  0.100667  0.007708  0.017955  0.002719  0.000000  0.236487  0.217894  0.301131 
T | 0.214567  0.449793  0.898413  0.062567  0.008753  0.943908  0.443103  0.201579  0.194104 

>28_GGG_RSKER/1..57
A | 0.239477  0.090536  0.049751  0.756703  0.979390  0.000000  0.412482  0.286515  0.215341 
C | 0.253617  0.230806  0.000000  0.007826  0.008875  0.325717  0.091744  0.218946  0.284801 
G | 0.274841  0.126118  0.007978  0.224062  0.003314  0.012576  0.038950  0.261113  0.276487 
T | 0.232065  0.552540  0.942271  0.011409  0.008422  0.661707  0.456824  0.233425  0.223370 

>29_GGC_TLKNQ/1..57
A | 0.267362  0.175991  0.094991  0.877147  0.980237  0.031811  0.284003  0.282057  0.215471 
C | 0.239297  0.272726  0.011681  0.016464  0.008540  0.102052  0.219137  0.271127  0.319670 
G | 0.281344  0.099819  0.012736  0.020241  0.002482  0.000000  0.161546  0.231680  0.277137 
T | 0.211998  0.451463  0.880592  0.086148  0.008742  0.866137  0.335314  0.215136  0.187722 

>2_TTT_RTVSA/1..57
A | 0.222724  0.166873  0.060415  0.954608  0.981426  0.013798  0.138647  0.305876  0.208096 
C | 0.252162  0.337008  0.000000  0.009465  0.009290  0.024961  0.208654  0.314179  0.193669 
G | 0.305945  0.113979  0.018387  0.029674  0.001716  0.004142  0.098375  0.183825  0.364259 
T | 0.219168  0.382141  0.921198  0.006252  0.007569  0.957099  0.554323  0.196120  0.233977 

>301_AAG_RSQWH/1..57
A | 0.242877  0.145465  0.041034  0.903154  0.970513  0.042370  0.271073  0.315578  0.211601 
C | 0.250178  0.310495  0.075682  0.036436  0.007201  0.028004  0.123670  0.222558  0.289353 
G | 0.283865  0.105322  0.015241  0.060410  0.011525  0.008758  0.180217  0.232361  0.288750 
T | 0.223080  0.438718  0.868042  0.000000  0.010761  0.920868  0.425040  0.229503  0.210296 

>18_TAG_RLTQA/1..57
A | 0.219135  0.172105  0.046074  0.941488  0.981637  0.051132  0.127009  0.482654  0.211341 
C | 0.259996  0.296945  0.017322  0.010840  0.009342  0.091821  0.125372  0.015491  0.265508 
G | 0.298276  0.120163  0.012107  0.036641  0.001386  0.039051  0.125867  0.457295  0.317943 
T | 0.222593  0.410787  0.924497  0.011032  0.007635  0.817996  0.621752  0.044560  0.205208 

>302_ATA_LRWNS/1..57
A | 0.239641  0.175548  0.062430  0.938874  0.979500  0.030695  0.325751  0.235734  0.197213 
C | 0.252219  0.282981  0.002246  0.009491  0.009740  0.105223  0.252888  0.278589  0.341404 
G | 0.291286  0.113125  0.013049  0.024247  0.002698  0.000000  0.084586  0.240448  0.262973 
T | 0.216854  0.428346  0.922274  0.027389  0.008062  0.864082  0.336774  0.245228  0.198410 

>303_CTC_VMNRK/1..57
A | 0.250587  0.106525  0.114259  0.946084  0.961791  0.053104  0.394913  0.329830  0.234609 
C | 0.301851  0.246999  0.000000  0.017789  0.004675  0.318894  0.148797  0.219967  0.258214 
G | 0.252566  0.107100  0.015020  0.036126  0.013345  0.000000  0.173191  0.238079  0.305386 
T | 0.194996  0.539376  0.870721  0.000000  0.020190  0.628002  0.283099  0.212124  0.201790 

>304_CTG_TTNQK/1..57
A | 0.263397  0.097145  0.051115  0.941006  0.977768  0.038456  0.289549  0.450726  0.229978 
C | 0.278996  0.235073  0.000714  0.021470  0.008010  0.320649  0.035120  0.054509  0.269935 
G | 0.273922  0.096401  0.007946  0.037525  0.003642  0.000000  0.230820  0.407374  0.293936 
T | 0.183685  0.571382  0.940226  0.000000  0.010580  0.640896  0.444511  0.087391  0.206150 

>305_GAT_VGRLY/1..57
A | 0.214451  0.147987  0.106345  0.942771  0.956647  0.139896  0.266420  0.213577  0.184875 
C | 0.340207  0.310305  0.094916  0.023567  0.006792  0.000000  0.113211  0.198332  0.287367 
G | 0.232050  0.092004  0.041909  0.033661  0.012392  0.425554  0.133872  0.335136  0.314016 
T | 0.213292  0.449704  0.756830  0.000000  0.024169  0.434551  0.486497  0.252954  0.213742 

>306_GCA_RHDRA/1..57
A | 0.231038  0.168910  0.131909  0.913819  0.963666  0.068491  0.254390  0.271033  0.217394 
C | 0.293267  0.300308  0.000733  0.020752  0.005629  0.176279  0.162139  0.247285  0.317252 
G | 0.266578  0.109094  0.020285  0.023714  0.011543  0.000000  0.039903  0.244182  0.290115 
T | 0.209117  0.421688  0.847073  0.041715  0.019161  0.755230  0.543568  0.237499  0.175239 

>307_GCA_RYDRA/1..57
A | 0.231038  0.168910  0.131909  0.913819  0.963666  0.068491  0.254390  0.271033  0.217394 
C | 0.293267  0.300308  0.000733  0.020752  0.005629  0.176279  0.162139  0.247285  0.317252 
G | 0.266578  0.109094  0.020285  0.023714  0.011543  0.000000  0.039903  0.244182  0.290115 
T | 0.209117  0.421688  0.847073  0.041715  0.019161  0.755230  0.543568  0.237499  0.175239 

>308_GCG_RLDRF/1..57
A | 0.234100  0.152182  0.129401  0.923614  0.963463  0.069439  0.308703  0.305235  0.216227 
C | 0.288708  0.311819  0.000000  0.024196  0.006003  0.177332  0.135820  0.218771  0.326762 
G | 0.263017  0.099541  0.020080  0.015423  0.011597  0.000000  0.160849  0.243028  0.276134 
T | 0.214175  0.436458  0.850519  0.036767  0.018937  0.753229  0.394628  0.232967  0.180877 

>309_GCG_RLDRY/1..57
A | 0.236017  0.163645  0.092360  0.914472  0.962146  0.225831  0.315432  0.213900  0.190830 
C | 0.287952  0.300788  0.076061  0.031956  0.005173  0.026992  0.125727  0.192416  0.322350 
G | 0.260420  0.094356  0.063196  0.024803  0.012827  0.378221  0.112169  0.341611  0.299273 
T | 0.215611  0.441210  0.768383  0.028770  0.019855  0.368956  0.446671  0.252073  0.187547 

>30_GGA_LAKDQ/1..57
A | 0.264207  0.167996  0.082177  0.899314  0.979901  0.019844  0.220215  0.356154  0.230046 
C | 0.242161  0.281544  0.011702  0.020164  0.008628  0.036248  0.100195  0.224373  0.274719 
G | 0.279065  0.100667  0.007708  0.017955  0.002719  0.000000  0.236487  0.217894  0.301131 
T | 0.214567  0.449793  0.898413  0.062567  0.008753  0.943908  0.443103  0.201579  0.194104 

>310_GTC_YRRGA/1..57
A | 0.216893  0.157478  0.151141  0.759872  0.951392  0.079637  0.167563  0.253292  0.207975 
C | 0.334041  0.302280  0.047839  0.042292  0.004948  0.048930  0.192248  0.247197  0.283384 
G | 0.228120  0.122232  0.000000  0.184396  0.016489  0.020727  0.037053  0.241173  0.295965 
T | 0.220946  0.418010  0.801020  0.013439  0.027172  0.850706  0.603136  0.258338  0.212676 

