prot	pos	pcc	rmse	ic.exp	ic.pred	coreSeq
Bteb2	1	0.055012	0.624801	0.904833	0.251276	KAHARDERRDHK
Bteb2	2	0.853711	0.444030	1.356889	0.548017	KAHARDERRDHK
Bteb2	3	0.990868	0.127102	1.305666	0.999407	KAHARDERRDHK
Bteb2	4	0.988080	0.298520	1.467167	0.597900	KAHARDERRDHK
Bteb2	5	0.872364	0.377572	1.202686	0.633195	KAHARDERRDHK
Bteb2	6	0.993782	0.153113	1.452851	0.999407	KAHARDERRDHK
Bteb2	7	0.889430	0.257678	0.838271	0.364713	KAHARDERRDHK
Bteb2	8	0.255974	0.427471	0.154921	0.453242	KAHARDERRDHK
Bteb2	9	-0.542734	0.582193	0.066753	0.563712	KAHARDERRDHK
Bteb2	10	0.968075	0.219295	0.047739	0.433008	KAHARDERRDHK
ken	1	-0.195677	0.596141	0.022207	0.802157	MWNTQAHKSQER
ken	2	-0.224891	0.623421	0.391243	0.678148	MWNTQAHKSQER
ken	3	0.995272	0.228030	1.004742	1.896914	MWNTQAHKSQER
ken	4	-0.659611	0.586457	0.540283	0.213930	MWNTQAHKSQER
ken	5	0.916111	0.452528	1.521942	0.471750	MWNTQAHKSQER
ken	6	0.940075	0.459468	1.490124	0.356839	MWNTQAHKSQER
ken	7	0.437493	0.730411	1.542061	0.088134	MWNTQAHKSQER
ken	8	0.978669	0.305885	1.583029	0.699166	MWNTQAHKSQER
ken	9	0.981822	0.261864	1.495086	0.817475	MWNTQAHKSQER
ken	10	-0.410524	1.059655	0.512958	1.783498	MWNTQAHKSQER
lola-PL	1	-0.143760	0.317964	0.061759	0.184942	RSARRDSR
lola-PL	2	0.321043	0.484222	0.241387	0.693951	RSARRDSR
lola-PL	3	0.978710	0.279140	1.596472	0.805209	RSARRDSR
lola-PL	4	-0.041817	0.903061	1.596472	0.402569	RSARRDSR
lola-PL	5	0.859260	0.507364	1.596472	0.512446	RSARRDSR
lola-PL	6	0.966505	0.437638	1.596472	0.394143	RSARRDSR
lola-PL	7	0.580440	0.207199	0.186900	0.144276	RSARRDSR
luna	1	0.756098	0.189437	0.192382	0.023238	KSHARDERRDHL
luna	2	0.143725	0.718411	1.147281	0.456388	KSHARDERRDHL
luna	3	0.953192	0.279137	1.306995	0.727494	KSHARDERRDHL
luna	4	0.937976	0.425769	1.360003	0.355599	KSHARDERRDHL
luna	5	0.997690	0.040128	0.822300	0.772544	KSHARDERRDHL
luna	6	0.962188	0.320299	1.541499	0.727494	KSHARDERRDHL
luna	7	0.492075	0.429538	0.694651	0.215611	KSHARDERRDHL
luna	8	0.135677	0.498550	0.627889	0.019282	KSHARDERRDHL
luna	9	0.190630	0.514990	0.630156	0.163685	KSHARDERRDHL
luna	10	0.977436	0.142724	0.491249	0.263524	KSHARDERRDHL
CG12029	1	0.811172	0.268067	0.353220	0.023238	KSHARDERRDHL
CG12029	2	0.139699	0.715380	1.126383	0.456388	KSHARDERRDHL
CG12029	3	0.957257	0.283732	1.338566	0.727494	KSHARDERRDHL
CG12029	4	0.932934	0.463365	1.504956	0.355599	KSHARDERRDHL
CG12029	5	0.280137	0.595807	0.621390	0.772544	KSHARDERRDHL
CG12029	6	0.960121	0.310772	1.479262	0.727494	KSHARDERRDHL
CG12029	7	0.306563	0.578400	0.905881	0.215611	KSHARDERRDHL
CG12029	8	0.205845	0.754343	1.444303	0.019282	KSHARDERRDHL
CG12029	9	0.220403	0.604002	0.950882	0.163685	KSHARDERRDHL
CG12029	10	0.986326	0.223538	0.800099	0.263524	KSHARDERRDHL
CG12236	1	0.484811	0.198672	0.096887	0.124369	SNARTWST
CG12236	2	-0.986293	0.657921	0.135063	0.686232	SNARTWST
CG12236	3	0.163731	0.455958	0.724039	0.048561	SNARTWST
CG12236	4	-0.145759	0.916301	0.929836	0.968267	SNARTWST
CG12236	5	0.897558	0.470973	1.572555	0.550998	SNARTWST
CG12236	6	0.990169	0.116348	1.463705	1.425498	SNARTWST
CG12236	7	0.848369	0.449397	1.550774	0.860297	SNARTWST
gl	1	0.956098	0.362502	1.036046	0.266792	QANAQSSTDSTKQGNR
gl	2	0.550489	0.653935	1.412305	0.203981	QANAQSSTDSTKQGNR
gl	3	-0.183164	0.972770	1.255301	0.722945	QANAQSSTDSTKQGNR
gl	4	-0.446149	1.038676	0.722608	1.161855	QANAQSSTDSTKQGNR
gl	5	0.989472	0.165783	1.345217	0.972525	QANAQSSTDSTKQGNR
gl	6	0.976155	0.446446	1.205894	0.187933	QANAQSSTDSTKQGNR
gl	7	0.728624	0.186926	0.160806	0.212186	QANAQSSTDSTKQGNR
gl	8	0.051793	0.463582	0.530587	0.046606	QANAQSSTDSTKQGNR
gl	9	0.336663	0.482844	0.622921	0.146834	QANAQSSTDSTKQGNR
gl	10	0.272048	0.352813	0.159056	0.306152	QANAQSSTDSTKQGNR
gl	11	-0.222268	0.620610	0.307740	0.501118	QANAQSSTDSTKQGNR
gl	12	0.921587	0.250070	0.282402	0.798862	QANAQSSTDSTKQGNR
gl	13	0.557682	0.231872	0.093612	0.233331	QANAQSSTDSTKQGNR
CG9895	1	0.816088	0.210071	0.228209	0.023238	KSHARDERRDHL
CG9895	2	0.126945	0.744104	1.220663	0.456388	KSHARDERRDHL
CG9895	3	0.957428	0.296075	1.405157	0.727494	KSHARDERRDHL
CG9895	4	0.934381	0.440002	1.420420	0.355599	KSHARDERRDHL
CG9895	5	0.970239	0.131313	0.742291	0.772544	KSHARDERRDHL
CG9895	6	0.958232	0.299601	1.424081	0.727494	KSHARDERRDHL
CG9895	7	0.441421	0.494568	0.857259	0.215611	KSHARDERRDHL
CG9895	8	0.157608	0.570955	0.816402	0.019282	KSHARDERRDHL
CG9895	9	0.209944	0.535889	0.686356	0.163685	KSHARDERRDHL
CG9895	10	0.987238	0.079100	0.411074	0.263524	KSHARDERRDHL
lola-PA	1	0.096390	0.263356	0.018685	0.184942	RSARRDSR
lola-PA	2	0.688855	0.408119	0.058663	0.693951	RSARRDSR
lola-PA	3	-0.784922	0.707407	0.093888	0.805209	RSARRDSR
lola-PA	4	0.389893	0.475143	0.783896	0.402569	RSARRDSR
lola-PA	5	0.859260	0.507364	1.596472	0.512446	RSARRDSR
lola-PA	6	0.966505	0.437638	1.596472	0.394143	RSARRDSR
lola-PA	7	0.249076	0.446028	0.543805	0.144276	RSARRDSR
CG2052	1	-0.164755	0.270000	0.100450	0.082042	SHQQQSHQQSNQTSST
CG2052	2	0.589574	0.541076	0.391211	1.084364	SHQQQSHQQSNQTSST
CG2052	3	0.926901	0.414227	1.501102	0.576054	SHQQQSHQQSNQTSST
CG2052	4	0.947215	0.580939	1.596472	0.151313	SHQQQSHQQSNQTSST
CG2052	5	0.127764	0.801504	1.533246	0.289215	SHQQQSHQQSNQTSST
CG2052	6	0.648043	0.710598	1.596472	0.070953	SHQQQSHQQSNQTSST
CG2052	7	0.969903	0.585943	1.563075	0.123869	SHQQQSHQQSNQTSST
CG2052	8	0.810830	0.610333	1.351544	0.085442	SHQQQSHQQSNQTSST
CG2052	9	0.292282	0.285533	0.251076	0.070953	SHQQQSHQQSNQTSST
CG2052	10	0.856679	0.094743	0.076746	0.093486	SHQQQSHQQSNQTSST
CG2052	11	0.164774	0.473214	0.018841	0.856438	SHQQQSHQQSNQTSST
CG2052	12	-0.610518	0.454665	0.018035	0.490254	SHQQQSHQQSNQTSST
CG2052	13	0.639839	0.176810	0.054392	0.151578	SHQQQSHQQSNQTSST
CG17181	1	0.885408	0.322440	0.027296	0.448677	SPAMRWLGDSNALSYK
CG17181	2	-0.496648	0.903298	0.023953	1.911304	SPAMRWLGDSNALSYK
CG17181	3	-0.556322	0.666821	0.082678	0.848572	SPAMRWLGDSNALSYK
CG17181	4	0.458018	0.208469	0.113653	0.110505	SPAMRWLGDSNALSYK
CG17181	5	-0.251947	0.686664	0.188642	0.888884	SPAMRWLGDSNALSYK
CG17181	6	-0.503505	0.658488	0.663349	0.171395	SPAMRWLGDSNALSYK
CG17181	7	0.117264	0.773548	1.397903	0.242876	SPAMRWLGDSNALSYK
CG17181	8	-0.308992	1.133770	1.460537	1.043030	SPAMRWLGDSNALSYK
CG17181	9	0.758782	0.492172	1.355401	0.764384	SPAMRWLGDSNALSYK
CG17181	10	0.953437	0.339128	1.500618	0.682264	SPAMRWLGDSNALSYK
CG17181	11	0.989951	0.109509	1.291410	1.197563	SPAMRWLGDSNALSYK
CG17181	12	0.998583	0.198892	1.036869	1.888074	SPAMRWLGDSNALSYK
CG17181	13	0.832326	0.302742	0.708903	0.491290	SPAMRWLGDSNALSYK
lola-PF	1	0.982380	0.498706	1.490997	0.211170	DSSRQSHR
lola-PF	2	0.984544	0.328839	1.343809	0.451850	DSSRQSHR
lola-PF	3	0.013934	0.814519	1.557237	0.109284	DSSRQSHR
lola-PF	4	0.832084	0.660796	1.555608	0.077834	DSSRQSHR
lola-PF	5	-0.482734	0.993615	1.569021	0.268321	DSSRQSHR
lola-PF	6	-0.484347	0.844566	1.211269	0.153806	DSSRQSHR
lola-PF	7	-0.793421	0.590932	0.202714	0.346463	DSSRQSHR
Blimp-1	1	-0.005992	0.295050	0.048176	0.237891	QSNVQAHKSSNTQVHL
Blimp-1	2	0.684588	0.386792	0.409399	0.733682	QSNVQAHKSSNTQVHL
Blimp-1	3	0.985186	0.360803	0.426023	1.494753	QSNVQAHKSSNTQVHL
Blimp-1	4	-0.719240	0.669424	0.637325	0.113166	QSNVQAHKSSNTQVHL
Blimp-1	5	0.998344	0.131718	1.168347	1.675498	QSNVQAHKSSNTQVHL
Blimp-1	6	0.769809	0.510980	1.328146	0.433885	QSNVQAHKSSNTQVHL
Blimp-1	7	0.998988	0.026610	0.574161	0.543150	QSNVQAHKSSNTQVHL
Blimp-1	8	0.187130	0.773419	1.381191	0.470137	QSNVQAHKSSNTQVHL
Blimp-1	9	0.410726	0.726469	1.560341	0.235385	QSNVQAHKSSNTQVHL
Blimp-1	10	-0.809128	0.761341	1.346604	0.001685	QSNVQAHKSSNTQVHL
Blimp-1	11	0.995671	0.106081	1.412051	1.125305	QSNVQAHKSSNTQVHL
Blimp-1	12	-0.499239	0.662022	0.673981	0.143648	QSNVQAHKSSNTQVHL
Blimp-1	13	0.980651	0.121770	0.431943	0.251609	QSNVQAHKSSNTQVHL
bowl	1	0.915242	0.515412	0.051721	1.005559	KYNIRDHDQRTV
bowl	2	0.660393	0.288153	0.120179	0.402869	KYNIRDHDQRTV
bowl	3	-0.472134	0.844871	0.386700	1.060637	KYNIRDHDQRTV
bowl	4	-0.076959	0.796388	1.297090	0.196722	KYNIRDHDQRTV
bowl	5	0.703296	0.342210	0.654965	0.557439	KYNIRDHDQRTV
bowl	6	0.981613	0.270540	1.596472	0.813311	KYNIRDHDQRTV
bowl	7	-0.947522	0.578097	0.713271	0.017454	KYNIRDHDQRTV
bowl	8	0.216943	0.802817	1.328241	0.894220	KYNIRDHDQRTV
bowl	9	0.999981	0.044456	1.569620	1.811241	KYNIRDHDQRTV
bowl	10	-0.283374	1.126797	1.134194	1.332821	KYNIRDHDQRTV
ovo	1	0.782022	0.681581	1.504899	0.050092	LRLRDFDRQCSS
ovo	2	0.244233	0.779286	1.478813	0.500584	LRLRDFDRQCSS
ovo	3	0.999610	0.058218	1.498551	1.280761	LRLRDFDRQCSS
ovo	4	-0.203167	0.976037	1.563671	0.538755	LRLRDFDRQCSS
ovo	5	0.860409	0.402727	1.315143	0.671105	LRLRDFDRQCSS
ovo	6	0.953847	0.343695	1.514126	0.674697	LRLRDFDRQCSS
ovo	7	0.742875	0.273563	0.272699	0.558441	LRLRDFDRQCSS
ovo	8	-0.704093	0.725561	0.003973	1.242662	LRLRDFDRQCSS
ovo	9	-0.335328	0.639158	0.223911	0.708739	LRLRDFDRQCSS
ovo	10	-0.559591	0.468725	0.024179	0.528702	LRLRDFDRQCSS
lola-PU	1	-0.378039	1.130751	1.366326	0.985582	YKNRYHSM
lola-PU	2	0.960572	0.259434	1.596472	1.212059	YKNRYHSM
lola-PU	3	0.993844	0.145436	1.460287	1.060509	YKNRYHSM
lola-PU	4	-0.361903	0.871294	1.272095	0.247205	YKNRYHSM
lola-PU	5	0.394989	0.484246	0.197101	0.753207	YKNRYHSM
lola-PU	6	0.293697	0.695195	0.392775	1.342398	YKNRYHSM
lola-PU	7	-0.539330	0.582672	0.072269	0.900486	YKNRYHSM
fru	1	0.778528	0.161685	0.078120	0.232917	ISVHRDNA
fru	2	-0.597221	0.564467	0.060594	0.649054	ISVHRDNA
fru	3	0.772971	0.410954	0.267593	0.912115	ISVHRDNA
fru	4	-0.686407	0.818583	1.523049	0.006621	ISVHRDNA
fru	5	0.967471	0.192372	1.268240	1.050555	ISVHRDNA
fru	6	0.892167	0.517597	1.558059	0.343827	ISVHRDNA
fru	7	0.644328	0.618246	1.540064	0.462911	ISVHRDNA
lola-PY	1	0.695273	0.204146	0.126994	0.262272	TSRLRSHR
lola-PY	2	0.306420	0.555593	0.793688	0.450506	TSRLRSHR
lola-PY	3	0.778933	0.492828	0.913948	0.066807	TSRLRSHR
lola-PY	4	0.495022	0.756321	1.596472	0.029415	TSRLRSHR
lola-PY	5	0.692482	0.600122	1.596472	0.589491	TSRLRSHR
lola-PY	6	0.972767	0.169112	1.272880	1.121638	TSRLRSHR
lola-PY	7	0.621817	0.581274	0.739666	1.366641	TSRLRSHR
rn	1	0.230855	0.263339	0.033948	0.187833	NSYQQSHQQSNS
rn	2	-0.561060	0.386028	0.064672	0.218312	NSYQQSHQQSNS
rn	3	0.323027	0.265161	0.203893	0.081809	NSYQQSHQQSNS
rn	4	0.921945	0.463366	1.355854	0.274671	NSYQQSHQQSNS
rn	5	0.764584	0.626494	1.552206	0.187228	NSYQQSHQQSNS
rn	6	0.346440	0.759262	1.596472	0.081809	NSYQQSHQQSNS
rn	7	0.705309	0.664382	1.596472	0.152532	NSYQQSHQQSNS
rn	8	0.632662	0.572956	1.339714	0.973429	NSYQQSHQQSNS
rn	9	0.638422	0.675086	1.465169	0.088350	NSYQQSHQQSNS
rn	10	0.455304	0.241435	0.158570	0.152523	NSYQQSHQQSNS
CG31670	1	0.278581	0.479493	0.571527	0.348681	AYNRQSTRRSTTQGNN
CG31670	2	-0.226709	1.090537	0.790216	1.730220	AYNRQSTRRSTTQGNN
CG31670	3	0.967674	0.534114	1.576582	0.199564	AYNRQSTRRSTTQGNN
CG31670	4	-0.396193	0.857456	1.224687	0.224913	AYNRQSTRRSTTQGNN
CG31670	5	-0.884838	0.775546	0.643991	0.310402	AYNRQSTRRSTTQGNN
CG31670	6	0.139667	0.595857	0.668060	0.405984	AYNRQSTRRSTTQGNN
CG31670	7	0.626319	0.633276	1.441786	0.232171	AYNRQSTRRSTTQGNN
CG31670	8	0.778120	0.418244	0.712559	1.047248	AYNRQSTRRSTTQGNN
CG31670	9	0.719988	0.491768	0.956489	0.079788	AYNRQSTRRSTTQGNN
CG31670	10	-0.000289	0.753605	1.308855	0.097923	AYNRQSTRRSTTQGNN
CG31670	11	-0.356404	0.927558	1.183902	0.514872	AYNRQSTRRSTTQGNN
CG31670	12	0.223757	0.716856	0.147882	1.381668	AYNRQSTRRSTTQGNN
CG31670	13	0.563711	0.474002	0.082565	1.010851	AYNRQSTRRSTTQGNN
sqz	1	0.496924	0.231455	0.044286	0.187833	NSYQQSHQQSNS
sqz	2	-0.594824	0.457695	0.138421	0.218312	NSYQQSHQQSNS
sqz	3	0.361532	0.396056	0.528326	0.081809	NSYQQSHQQSNS
sqz	4	0.943798	0.509113	1.578311	0.274671	NSYQQSHQQSNS
sqz	5	0.758578	0.618374	1.508506	0.187228	NSYQQSHQQSNS
sqz	6	0.346440	0.759262	1.596472	0.081809	NSYQQSHQQSNS
sqz	7	0.705311	0.662523	1.587230	0.152532	NSYQQSHQQSNS
sqz	8	0.624813	0.596052	1.439323	0.973429	NSYQQSHQQSNS
sqz	9	0.637026	0.690367	1.534684	0.088350	NSYQQSHQQSNS
sqz	10	0.975858	0.116061	0.365833	0.152523	NSYQQSHQQSNS
pho	1	0.308703	0.320636	0.248706	0.136397	DSAKESKRLFNTQTNS
pho	2	-0.378349	0.616687	0.726614	0.057835	DSAKESKRLFNTQTNS
pho	3	0.951038	0.205777	1.107687	1.161738	DSAKESKRLFNTQTNS
pho	4	0.943731	0.605900	1.596472	0.120121	DSAKESKRLFNTQTNS
pho	5	0.702593	0.597105	1.596472	0.495907	DSAKESKRLFNTQTNS
pho	6	0.990752	0.173333	1.596472	1.102021	DSAKESKRLFNTQTNS
pho	7	0.983659	0.197368	1.458377	0.981707	DSAKESKRLFNTQTNS
pho	8	0.953570	0.198433	0.179112	0.013530	DSAKESKRLFNTQTNS
pho	9	0.847491	0.329526	0.411549	0.791515	DSAKESKRLFNTQTNS
pho	10	0.792383	0.280416	0.524826	0.515161	DSAKESKRLFNTQTNS
pho	11	-0.732991	0.587134	0.214345	0.321737	DSAKESKRLFNTQTNS
pho	12	-0.325621	0.317079	0.056366	0.156621	DSAKESKRLFNTQTNS
pho	13	-0.089228	0.412998	0.032708	0.367301	DSAKESKRLFNTQTNS
l(3)neo38	1	0.105922	0.482842	0.582460	0.260373	DSLQRDHRREQLRDHK
l(3)neo38	2	0.911398	0.301282	0.977602	0.497884	DSLQRDHRREQLRDHK
l(3)neo38	3	0.978475	0.272897	1.549896	0.795019	DSLQRDHRREQLRDHK
l(3)neo38	4	0.946345	0.128968	0.421072	0.269215	DSLQRDHRREQLRDHK
l(3)neo38	5	0.444467	0.632912	0.144861	1.317847	DSLQRDHRREQLRDHK
l(3)neo38	6	0.986298	0.201703	1.142841	1.707712	DSLQRDHRREQLRDHK
l(3)neo38	7	0.724569	0.564641	1.402493	0.321839	DSLQRDHRREQLRDHK
l(3)neo38	8	0.984260	0.287738	1.215286	0.466837	DSLQRDHRREQLRDHK
l(3)neo38	9	0.978072	0.269056	1.528492	0.795019	DSLQRDHRREQLRDHK
l(3)neo38	10	0.994815	0.048232	0.429358	0.461910	DSLQRDHRREQLRDHK
l(3)neo38	11	0.065024	0.869139	0.079275	1.982662	DSLQRDHRREQLRDHK
l(3)neo38	12	-0.375507	0.376682	0.106937	0.163427	DSLQRDHRREQLRDHK
l(3)neo38	13	-0.578569	0.477651	0.041175	0.381050	DSLQRDHRREQLRDHK
lola-PC	1	0.815422	0.133574	0.036283	0.133289	LSSNQMHR
lola-PC	2	0.674418	0.336375	0.012766	0.400986	LSSNQMHR
lola-PC	3	0.985107	0.218725	0.734416	1.281678	LSSNQMHR
lola-PC	4	0.914895	0.603786	1.596472	0.137349	LSSNQMHR
lola-PC	5	-0.619293	1.042590	0.788727	1.057534	LSSNQMHR
lola-PC	6	0.691388	0.607024	1.536344	0.379432	LSSNQMHR
lola-PC	7	0.297595	0.751586	1.529382	0.269524	LSSNQMHR
CG32830	1	-0.842552	0.615319	0.102125	0.525217	ERVQHNSN
CG32830	2	0.163301	0.511235	0.025216	0.926750	ERVQHNSN
CG32830	3	-0.797789	0.842131	0.084644	1.324506	ERVQHNSN
CG32830	4	-0.778928	0.662696	0.239656	0.604068	ERVQHNSN
CG32830	5	0.998885	0.038683	1.522836	1.647432	ERVQHNSN
CG32830	6	0.989124	0.225735	1.596472	0.935111	ERVQHNSN
CG32830	7	0.354590	0.746104	1.582816	0.295591	ERVQHNSN
sens	1	0.891109	0.192007	0.385943	0.090555	RSTTQSDKQSNT
sens	2	0.503809	0.516118	0.852524	0.180724	RSTTQSDKQSNT
sens	3	0.949381	0.403719	0.986341	0.121793	RSTTQSDKQSNT
sens	4	-0.316498	0.781786	1.321973	0.043271	RSTTQSDKQSNT
sens	5	-0.352452	1.209011	1.528916	1.133867	RSTTQSDKQSNT
sens	6	0.980442	0.552298	1.434872	0.121793	RSTTQSDKQSNT
sens	7	0.975003	0.361108	1.504582	0.502313	RSTTQSDKQSNT
sens	8	0.065111	0.655120	0.630590	0.537436	RSTTQSDKQSNT
sens	9	-0.180019	0.316423	0.118260	0.122623	RSTTQSDKQSNT
sens	10	0.977243	0.042069	0.057197	0.087636	RSTTQSDKQSNT
CG5669	1	0.107723	0.379466	0.362351	0.168896	KSHARDERRDHR
CG5669	2	0.999074	0.174605	0.959924	0.456981	KSHARDERRDHR
CG5669	3	0.978495	0.273557	1.552613	0.794649	KSHARDERRDHR
CG5669	4	0.967620	0.419699	1.542267	0.410805	KSHARDERRDHR
CG5669	5	0.855826	0.367930	1.116034	0.653150	KSHARDERRDHR
CG5669	6	0.978210	0.271746	1.540594	0.794649	KSHARDERRDHR
CG5669	7	0.857461	0.287990	0.804325	0.248989	KSHARDERRDHR
CG5669	8	0.956630	0.243535	0.683181	0.198213	KSHARDERRDHR
CG5669	9	0.858914	0.352864	0.743649	0.218669	KSHARDERRDHR
CG5669	10	0.916494	0.239186	0.672542	0.329690	KSHARDERRDHR
CG12236-PB	1	0.149572	0.226182	0.063362	0.096561	TVNRNYSE
CG12236-PB	2	0.835604	0.141462	0.168072	0.086768	TVNRNYSE
CG12236-PB	3	-0.191989	1.062512	1.417099	0.936539	TVNRNYSE
CG12236-PB	4	0.108204	0.802172	1.596472	0.115755	TVNRNYSE
CG12236-PB	5	-0.495969	1.119246	1.596472	0.713292	TVNRNYSE
CG12236-PB	6	0.645231	0.648977	1.596472	0.380969	TVNRNYSE
CG12236-PB	7	0.977530	0.182791	1.281796	0.883880	TVNRNYSE
vfl	1	-0.604800	0.998152	1.548274	0.238745	HTDRRDHK
vfl	2	0.976554	0.230898	1.380591	0.809172	HTDRRDHK
vfl	3	0.979810	0.251736	1.499388	0.821271	HTDRRDHK
vfl	4	0.673217	0.700503	1.530054	0.056512	HTDRRDHK
vfl	5	-0.417082	1.212193	1.550525	1.171809	HTDRRDHK
vfl	6	0.937033	0.169150	0.563636	0.642464	HTDRRDHK
vfl	7	0.196832	0.789521	0.013716	1.660557	HTDRRDHK
sr	1	0.864755	0.267708	0.261373	0.695700	RDERRDHTRDER
sr	2	0.976556	0.301352	0.173623	0.876672	RDERRDHTRDER
sr	3	0.976513	0.280348	1.569044	0.799669	RDERRDHTRDER
sr	4	0.186113	0.478371	0.715917	0.083929	RDERRDHTRDER
sr	5	0.998335	0.041269	0.959085	0.995100	RDERRDHTRDER
sr	6	0.976949	0.284922	1.596472	0.799669	RDERRDHTRDER
sr	7	0.963090	0.391595	1.484976	0.461061	RDERRDHTRDER
sr	8	0.964814	0.245982	0.306160	0.876672	RDERRDHTRDER
sr	9	0.965088	0.147223	0.751414	0.799669	RDERRDHTRDER
sr	10	0.891733	0.169178	0.272288	0.378181	RDERRDHTRDER
disco	1	-0.156308	0.487425	0.168323	0.394004	DGAISRSR
disco	2	0.869898	0.406711	0.187977	0.939397	DGAISRSR
disco	3	-0.016877	0.451223	0.122798	0.457070	DGAISRSR
disco	4	0.679254	0.612664	1.547677	0.369025	DGAISRSR
disco	5	0.904007	0.372234	1.342226	0.677444	DGAISRSR
disco	6	-0.229473	0.977647	1.479340	0.492257	DGAISRSR
disco	7	0.146053	0.750131	1.401603	0.082191	DGAISRSR
klu	1	0.963369	0.149593	0.775183	0.743538	LDRKRDMRRDHTRDMR
klu	2	-0.798633	0.886491	0.443251	0.870287	LDRKRDMRRDHTRDMR
klu	3	0.976267	0.263048	1.470535	0.785560	LDRKRDMRRDHTRDMR
klu	4	0.268566	0.438023	0.643994	0.082038	LDRKRDMRRDHTRDMR
klu	5	0.985843	0.183282	1.278884	0.863404	LDRKRDMRRDHTRDMR
klu	6	0.977288	0.241551	1.374911	0.785560	LDRKRDMRRDHTRDMR
klu	7	0.983154	0.340215	1.450196	0.497233	LDRKRDMRRDHTRDMR
klu	8	-0.489522	0.929483	0.672419	0.870287	LDRKRDMRRDHTRDMR
klu	9	0.975228	0.260029	1.450196	0.785560	LDRKRDMRRDHTRDMR
klu	10	0.910862	0.252807	0.452827	0.760711	LDRKRDMRRDHTRDMR
klu	11	-0.705625	0.973737	0.086899	1.843180	LDRKRDMRRDHTRDMR
klu	12	0.548172	0.325342	0.051995	0.469184	LDRKRDMRRDHTRDMR
klu	13	0.417185	0.307082	0.053712	0.296954	LDRKRDMRRDHTRDMR
Sp1	1	0.501538	0.326025	0.440506	0.241342	KSHARDERRDHK
Sp1	2	0.992244	0.100965	1.030000	0.873912	KSHARDERRDHK
Sp1	3	0.995470	0.147893	1.452594	0.987294	KSHARDERRDHK
Sp1	4	0.973852	0.388309	1.518673	0.458087	KSHARDERRDHK
Sp1	5	0.869435	0.344121	1.051665	0.622679	KSHARDERRDHK
Sp1	6	0.994994	0.139039	1.408663	0.987294	KSHARDERRDHK
Sp1	7	0.982354	0.156674	0.771841	0.347883	KSHARDERRDHK
Sp1	8	0.944402	0.147231	0.370699	0.440580	KSHARDERRDHK
Sp1	9	0.774536	0.258306	0.134553	0.384511	KSHARDERRDHK
Sp1	10	0.895259	0.182119	0.418892	0.424465	KSHARDERRDHK
shn-F1-2	1	-0.487999	0.885301	1.404538	0.154258	KSVKTSNK
shn-F1-2	2	0.987120	0.194896	1.573147	1.051289	KSVKTSNK
shn-F1-2	3	-0.102010	0.788512	0.706208	0.832093	KSVKTSNK
shn-F1-2	4	0.256713	0.725078	1.381158	0.154757	KSVKTSNK
shn-F1-2	5	-0.435261	0.880401	0.875158	0.817187	KSVKTSNK
shn-F1-2	6	-0.420984	0.842745	0.892645	0.392198	KSVKTSNK
shn-F1-2	7	0.859105	0.427963	1.223375	0.449432	KSVKTSNK
phol	1	0.504706	0.198730	0.046965	0.158824	NSAKESKRLFNTQTNS
phol	2	-0.311773	0.587110	0.666806	0.053447	NSAKESKRLFNTQTNS
phol	3	0.968738	0.171745	1.118784	1.106001	NSAKESKRLFNTQTNS
phol	4	0.938401	0.558670	1.446161	0.138190	NSAKESKRLFNTQTNS
phol	5	0.924679	0.347511	1.406080	0.777289	NSAKESKRLFNTQTNS
phol	6	0.992747	0.149648	1.542083	1.132071	NSAKESKRLFNTQTNS
phol	7	0.981275	0.193178	1.423435	0.995069	NSAKESKRLFNTQTNS
phol	8	0.951364	0.198221	0.013483	0.178214	NSAKESKRLFNTQTNS
phol	9	0.970849	0.294358	0.928561	0.326398	NSAKESKRLFNTQTNS
phol	10	0.640356	0.577420	1.265157	0.323275	NSAKESKRLFNTQTNS
phol	11	-0.518453	1.052650	0.294635	1.872542	NSAKESKRLFNTQTNS
phol	12	0.836358	0.244696	0.082771	0.336582	NSAKESKRLFNTQTNS
phol	13	0.980140	0.313042	0.058240	0.538253	NSAKESKRLFNTQTNS
CG10267	1	0.515266	0.402642	0.082579	0.517216	YSVSYHSKLHHQ
CG10267	2	0.266035	0.535528	0.270207	0.884941	YSVSYHSKLHHQ
CG10267	3	0.949008	0.297393	0.939164	1.520148	YSVSYHSKLHHQ
CG10267	4	0.998829	0.559284	1.489145	0.121334	YSVSYHSKLHHQ
CG10267	5	-0.368411	1.206623	1.212157	1.455826	YSVSYHSKLHHQ
CG10267	6	0.982807	0.202028	0.994414	1.456175	YSVSYHSKLHHQ
CG10267	7	0.838203	0.330825	0.761036	0.391027	YSVSYHSKLHHQ
CG10267	8	0.391891	0.572663	0.914967	0.536519	YSVSYHSKLHHQ
CG10267	9	-0.099448	0.961644	1.489145	0.684991	YSVSYHSKLHHQ
CG10267	10	0.735295	0.466636	0.620001	1.207677	YSVSYHSKLHHQ
