prot	motif	motifPos	strand	A	C	G	T
19B	19B_SOLEXA_5	2	-1	0.721003	0.168495	0.098354	0.012147
19B	19B_SOLEXA_5	3	-1	0.141458	0.565831	0.066614	0.226097
19B	19B_SOLEXA_5	4	-1	0.769984	0.005486	0.128527	0.096003
19B	19B_SOLEXA_5	5	-1	0.073276	0.096395	0.778213	0.052116
19B	19B_SOLEXA_5	6	-1	0	0.000392	0.924373	0.075235
19B	19B_SOLEXA_5	7	-1	0.000392	0	0.910658	0.08895
19B	19B_SOLEXA_5	8	-1	0.001567	0.008229	0.058777	0.931426
19B	19B_SOLEXA_5	9	-1	0.959639	0.026254	0.014107	0
19B	19B_SOLEXA_5	10	-1	0.043495	0.134404	0.212382	0.609718
19B	19B_SOLEXA_5	11	-1	0.25	0.25	0.25	0.25
Blimp-1	Blimp-1_SOLEXA_5	3	1	0.284243	0.289907	0.126159	0.299691
Blimp-1	Blimp-1_SOLEXA_5	4	1	0.382595	0.043254	0.519567	0.054583
Blimp-1	Blimp-1_SOLEXA_5	5	1	0.680227	0.15345	0.095778	0.070546
Blimp-1	Blimp-1_SOLEXA_5	6	1	0.781153	0.063852	0.085994	0.069001
Blimp-1	Blimp-1_SOLEXA_5	7	1	0.915551	0.000515	0.069001	0.014933
Blimp-1	Blimp-1_SOLEXA_5	8	1	0.018023	0.009784	0.960865	0.011329
Blimp-1	Blimp-1_SOLEXA_5	9	1	0.033471	0.165808	0.071576	0.729145
Blimp-1	Blimp-1_SOLEXA_5	10	1	0.033986	0	0.963955	0.00206
Blimp-1	Blimp-1_SOLEXA_5	11	1	0.995366	0	0.00309	0.001545
Blimp-1	Blimp-1_SOLEXA_5	12	1	0.96035	0.003605	0.028836	0.007209
Blimp-1	Blimp-1_SOLEXA_5	13	1	0.972194	0.006179	0.00206	0.019567
Blimp-1	Blimp-1_SOLEXA_5	14	1	0.138002	0.03862	0.776519	0.046859
Blimp-1	Blimp-1_SOLEXA_5	15	1	0.040165	0.265191	0.074665	0.619979
Bteb2	Bteb2_SOLEXA_2	5	-1	0.009231	0	0.766154	0.224615
Bteb2	Bteb2_SOLEXA_2	6	-1	0.015385	0	0.956923	0.027692
Bteb2	Bteb2_SOLEXA_2	7	-1	0.003077	0	0.938462	0.058462
Bteb2	Bteb2_SOLEXA_2	8	-1	0.009231	0	0.978462	0.012308
Bteb2	Bteb2_SOLEXA_2	9	-1	0.024615	0.92	0	0.055385
Bteb2	Bteb2_SOLEXA_2	10	-1	0.006154	0	0.975385	0.018462
Bteb2	Bteb2_SOLEXA_2	11	-1	0	0	0.338462	0.661538
Bteb2	Bteb2_SOLEXA_2	12	-1	0.443077	0.083077	0.273846	0.2
Bteb2	Bteb2_SOLEXA_2	13	-1	0.255385	0.172308	0.175385	0.396923
Bteb2	Bteb2_SOLEXA_2	14	-1	0.254286	0.368791	0.165714	0.211209
CG10267	CG10267_SOLEXA_5	7	1	0.981413	0	0.003717	0.01487
CG10267	CG10267_SOLEXA_5	8	1	0	0	0.903346	0.096654
CG10267	CG10267_SOLEXA_5	9	1	0.007435	0.003717	0.163569	0.825279
CG10267	CG10267_SOLEXA_5	10	1	0.055762	0.026022	0.788104	0.130112
CG10267	CG10267_SOLEXA_5	11	1	0.063197	0	0.107807	0.828996
CG10267	CG10267_SOLEXA_5	12	1	0.01487	0.003717	0	0.981413
CG10267	CG10267_SOLEXA_5	13	1	0.371747	0.007435	0.583643	0.037175
CG10267	CG10267_SOLEXA_5	14	1	0.182156	0.01487	0.249071	0.553903
CG10267	CG10267_SOLEXA_5	15	1	0.260223	0.115242	0.040892	0.583643
CG10267	CG10267_SOLEXA_5	16	1	0.401487	0.104089	0.152416	0.342007
CG10267-F1-3	CG10267-F1-3_SOLEXA_5	10	1	0	0	0	1
CG10267-F1-3	CG10267-F1-3_SOLEXA_5	11	1	0.729761	0.063854	0.205245	0.00114
CG10267-F1-3	CG10267-F1-3_SOLEXA_5	12	1	0.132269	0.843786	0.023945	0
CG10267-F1-3	CG10267-F1-3_SOLEXA_5	13	1	0.643101	0.041049	0.066135	0.249715
CG10267-F1-3	CG10267-F1-3_SOLEXA_5	14	1	0.27138	0.101482	0.204105	0.423033
CG10267-F1-3	CG10267-F1-3_SOLEXA_5	15	1	0.237172	0.036488	0.023945	0.702395
CG10267-F1-3	CG10267-F1-3_SOLEXA_5	16	1	0.25	0.25	0.25	0.25
CG11071	CG11071_SOLEXA_5	7	-1	0.004075	0.005093	0.091681	0.899151
CG11071	CG11071_SOLEXA_5	8	-1	0.92292	0.012903	0.055688	0.008489
CG11071	CG11071_SOLEXA_5	9	-1	0.003396	0.006452	0.980306	0.009847
CG11071	CG11071_SOLEXA_5	10	-1	0.006452	0.002037	0.981324	0.010187
CG11071	CG11071_SOLEXA_5	11	-1	0.005093	0.974194	0.012903	0.00781
CG11071	CG11071_SOLEXA_5	12	-1	0.087606	0.220034	0.216978	0.475382
CG11071	CG11071_SOLEXA_5	13	-1	0.017997	0.216299	0.379287	0.386418
CG11071	CG11071_SOLEXA_5	14	-1	0.295715	0.139769	0.326865	0.237651
CG11071	CG11071_SOLEXA_5	15	-1	0.171707	0.195016	0.379057	0.25422
CG11071	CG11071_SOLEXA_5	16	-1	0.25	0.25	0.25	0.25
CG12029	CG12029_SOLEXA_5	3	1	0.240706	0.017658	0.188662	0.552974
CG12029	CG12029_SOLEXA_5	4	1	0.055762	0.001859	0.910781	0.031599
CG12029	CG12029_SOLEXA_5	5	1	0.008364	0.002788	0.958178	0.030669
CG12029	CG12029_SOLEXA_5	6	1	0.009294	0	0.986989	0.003717
CG12029	CG12029_SOLEXA_5	7	1	0.090149	0.22026	0	0.689591
CG12029	CG12029_SOLEXA_5	8	1	0.008364	0	0.983271	0.008364
CG12029	CG12029_SOLEXA_5	9	1	0.010223	0.040892	0.101301	0.847584
CG12029	CG12029_SOLEXA_5	10	1	0.011152	0	0.977695	0.011152
CG12029	CG12029_SOLEXA_5	11	1	0.008364	0.019517	0.846654	0.125465
CG12029	CG12029_SOLEXA_5	12	1	0.016729	0.712825	0	0.270446
CG12236	CG12236_SOLEXA_5	6	-1	0.412724	0.001631	0.574225	0.011419
CG12236	CG12236_SOLEXA_5	7	-1	0.804241	0.003263	0.182708	0.009788
CG12236	CG12236_SOLEXA_5	8	-1	0	0.001631	0.001631	0.996737
CG12236	CG12236_SOLEXA_5	9	-1	0.008157	0	0.980424	0.011419
CG12236	CG12236_SOLEXA_5	10	-1	0.993475	0	0	0.006525
CG12236	CG12236_SOLEXA_5	11	-1	0.967374	0.003263	0	0.029364
CG12236	CG12236_SOLEXA_5	12	-1	0.009788	0.885808	0.011419	0.092985
CG12236-PB	CG12236-PB_SOLEXA_2	3	-1	0.114785	0.523855	0.049126	0.312234
CG12236-PB	CG12236-PB_SOLEXA_2	4	-1	0	0	0.063769	0.936231
CG12236-PB	CG12236-PB_SOLEXA_2	5	-1	0	0	1	0
CG12236-PB	CG12236-PB_SOLEXA_2	6	-1	0	0	1	0
CG12236-PB	CG12236-PB_SOLEXA_2	7	-1	1	0	0	0
CG12236-PB	CG12236-PB_SOLEXA_2	8	-1	0.974492	0.011337	0	0.014171
CG12236-PB	CG12236-PB_SOLEXA_2	9	-1	0.230987	0.111006	0.504487	0.153519
CG17181	CG17181_SOLEXA_5	1	-1	0.395409	0.177261	0.232553	0.194777
CG17181	CG17181_SOLEXA_5	2	-1	0.493686	0.24723	0.196677	0.062407
CG17181	CG17181_SOLEXA_5	3	-1	0.151659	0.774092	0.042654	0.031596
CG17181	CG17181_SOLEXA_5	4	-1	0.058452	0.892575	0.018957	0.030016
CG17181	CG17181_SOLEXA_5	5	-1	0.943128	0.004739	0.00316	0.048973
CG17181	CG17181_SOLEXA_5	6	-1	0.004739	0.985782	0	0.009479
CG17181	CG17181_SOLEXA_5	7	-1	0	0.958926	0.009479	0.031596
CG17181	CG17181_SOLEXA_5	8	-1	0.009479	0	0.011058	0.979463
CG17181	CG17181_SOLEXA_5	9	-1	0	0	0.963665	0.036335
CG17181	CG17181_SOLEXA_5	10	-1	0.045814	0.225908	0.014218	0.71406
CG17181	CG17181_SOLEXA_5	11	-1	0.164297	0.187994	0.118483	0.529226
CG17181	CG17181_SOLEXA_5	12	-1	0.345972	0.183254	0.369668	0.101106
CG17181	CG17181_SOLEXA_5	13	-1	0.390205	0.28594	0.199052	0.124803
CG2052	CG2052_SOLEXA_2	3	-1	0.322296	0.264901	0.209713	0.203091
CG2052	CG2052_SOLEXA_2	4	-1	0.315673	0.278146	0.203091	0.203091
CG2052	CG2052_SOLEXA_2	5	-1	0.421634	0.210817	0.15011	0.217439
CG2052	CG2052_SOLEXA_2	6	-1	0.493377	0.059603	0.317881	0.129139
CG2052	CG2052_SOLEXA_2	7	-1	0.960265	0	0.009934	0.029801
CG2052	CG2052_SOLEXA_2	8	-1	0.995585	0	0	0.004415
CG2052	CG2052_SOLEXA_2	9	-1	1	0	0	0
CG2052	CG2052_SOLEXA_2	10	-1	0.99117	0	0.00883	0
CG2052	CG2052_SOLEXA_2	11	-1	1	0	0	0
CG2052	CG2052_SOLEXA_2	12	-1	0.986755	0.009934	0.003311	0
CG2052	CG2052_SOLEXA_2	13	-1	0.449227	0.072848	0.033113	0.444812
CG2052	CG2052_SOLEXA_2	14	-1	0.129148	0.372508	0.341602	0.156742
CG2052	CG2052_SOLEXA_2	15	-1	0.291381	0.362592	0.161709	0.184317
CG3065	CG3065_F1-5_SOLEXA_2	3	1	0.072782	0.015163	0.462472	0.449583
CG3065	CG3065_F1-5_SOLEXA_2	4	1	0.128127	0.000758	0.852919	0.018196
CG3065	CG3065_F1-5_SOLEXA_2	5	1	0.00834	0	0.9674	0.024261
CG3065	CG3065_F1-5_SOLEXA_2	6	1	0.002274	0	0.957544	0.040182
CG3065	CG3065_F1-5_SOLEXA_2	7	1	0.038666	0.913571	0.006823	0.04094
CG3065	CG3065_F1-5_SOLEXA_2	8	1	0.007582	0	0.978014	0.014405
CG3065	CG3065_F1-5_SOLEXA_2	9	1	0.005307	0.02047	0.150872	0.823351
CG3065	CG3065_F1-5_SOLEXA_2	10	1	0.021986	0	0.95906	0.018954
CG3065	CG3065_F1-5_SOLEXA_2	11	1	0.06141	0.047005	0.774829	0.116755
CG3065	CG3065_F1-5_SOLEXA_2	12	1	0.056103	0.580743	0.029568	0.333586
CG31670	CG31670_SOLEXA_5	2	-1	0.42428	0.30545	0.152297	0.117973
CG31670	CG31670_SOLEXA_5	3	-1	0.921922	0.009009	0.048048	0.021021
CG31670	CG31670_SOLEXA_5	4	-1	0.948949	0.003003	0.015015	0.033033
CG31670	CG31670_SOLEXA_5	5	-1	0.816817	0.003003	0.168168	0.012012
CG31670	CG31670_SOLEXA_5	6	-1	0.600601	0.009009	0.009009	0.381381
CG31670	CG31670_SOLEXA_5	7	-1	0.006006	0.009009	0.975976	0.009009
CG31670	CG31670_SOLEXA_5	8	-1	0.762763	0.132132	0.072072	0.033033
CG31670	CG31670_SOLEXA_5	9	-1	0.123123	0.045045	0.75976	0.072072
CG31670	CG31670_SOLEXA_5	10	-1	0.027027	0.933934	0.012012	0.027027
CG31670	CG31670_SOLEXA_5	11	-1	0.996997	0	0.003003	0
CG31670	CG31670_SOLEXA_5	12	-1	0.786787	0	0.105105	0.108108
CG31670	CG31670_SOLEXA_5	13	-1	0.069069	0.621622	0.006006	0.303303
CG31670	CG31670_SOLEXA_5	14	-1	0.212591	0.446568	0.215337	0.125504
CG31782	CG31782_SOLEXA_5	3	1	0.328113	0.113547	0.373923	0.184417
CG31782	CG31782_SOLEXA_5	4	1	0.147612	0.119421	0.57361	0.159358
CG31782	CG31782_SOLEXA_5	5	1	0.105325	0.010572	0.227878	0.656226
CG31782	CG31782_SOLEXA_5	6	1	0.000783	0	0.999217	0
CG31782	CG31782_SOLEXA_5	7	1	0	0	1	0
CG31782	CG31782_SOLEXA_5	8	1	0.151527	0	0.056382	0.792091
CG31782	CG31782_SOLEXA_5	9	1	0.198512	0.01018	0.774863	0.016445
CG31782	CG31782_SOLEXA_5	10	1	0.569303	0.076742	0.112373	0.241582
CG31782	CG31782_SOLEXA_5	11	1	0.14722	0.228661	0.518794	0.105325
CG31782	CG31782_SOLEXA_5	12	1	0.25	0.25	0.25	0.25
CG32830	CG32830_SOLEXA_5	8	1	0.479053	0.038251	0.242259	0.240437
CG32830	CG32830_SOLEXA_5	9	1	0	0.010929	0	0.989071
CG32830	CG32830_SOLEXA_5	10	1	0	0	0	1
CG32830	CG32830_SOLEXA_5	11	1	0.998179	0.001821	0	0
CG32830	CG32830_SOLEXA_5	12	1	0.974499	0.025501	0	0
CG32830	CG32830_SOLEXA_5	13	1	0	0.209472	0	0.790528
CG32830	CG32830_SOLEXA_5	14	1	0.07286	0.628415	0.173042	0.125683
CG3407	CG3407_SOLEXA_2	19	1	0.007491	0	0	0.992509
CG3407	CG3407_SOLEXA_2	20	1	0	0	0	1
CG3407	CG3407_SOLEXA_2	21	1	0.014981	0	0.973783	0.011236
CG3407	CG3407_SOLEXA_2	22	1	0.966292	0.014981	0.018727	0
CG3407	CG3407_SOLEXA_2	23	1	0.022472	0.977528	0	0
CG3407	CG3407_SOLEXA_2	24	1	0.621723	0	0.074906	0.303371
CG3407	CG3407_SOLEXA_2	25	1	0.292135	0.138577	0.123596	0.445693
CG3407	CG3407_SOLEXA_2	26	1	0.25	0.25	0.25	0.25
CG3407	CG3407_SOLEXA_2	27	1	0.25	0.25	0.25	0.25
CG3407	CG3407_SOLEXA_2	28	1	0.25	0.25	0.25	0.25
CG4360	CG4360_F1-3_SOLEXA_2	5	-1	0.832372	0.108731	0.05313	0.005766
CG4360	CG4360_F1-3_SOLEXA_2	6	-1	0.013591	0.976936	0.003295	0.006178
CG4360	CG4360_F1-3_SOLEXA_2	7	-1	0.985173	0.000412	0.004942	0.009473
CG4360	CG4360_F1-3_SOLEXA_2	8	-1	0.954695	0.002883	0.04201	0.000412
CG4360	CG4360_F1-3_SOLEXA_2	9	-1	0.005354	0.993822	0.000412	0.000412
CG4360	CG4360_F1-3_SOLEXA_2	10	-1	0.995881	0.002059	0.000824	0.001236
CG4360	CG4360_F1-3_SOLEXA_2	11	-1	0.992586	0.000824	0.004119	0.002471
CG4360	CG4360_F1-3_SOLEXA_2	12	-1	0.056425	0.937397	0.000824	0.005354
CG4360	CG4360_F1-3_SOLEXA_2	13	-1	0.883443	0.056425	0.006178	0.053954
CG4360	CG4360_F1-3_SOLEXA_2	14	-1	0.599911	0.179331	0.057008	0.16375
CG5669	CG5669_SOLEXA_5	3	1	0.133545	0.014308	0.421304	0.430843
CG5669	CG5669_SOLEXA_5	4	1	0.168521	0	0.81876	0.012719
CG5669	CG5669_SOLEXA_5	5	1	0	0	0.993641	0.006359
CG5669	CG5669_SOLEXA_5	6	1	0	0	0.992051	0.007949
CG5669	CG5669_SOLEXA_5	7	1	0.058824	0.90461	0	0.036566
CG5669	CG5669_SOLEXA_5	8	1	0.00159	0	0.992051	0.006359
CG5669	CG5669_SOLEXA_5	9	1	0	0	0.605723	0.394277
CG5669	CG5669_SOLEXA_5	10	1	0.217806	0.012719	0.72496	0.044515
CG5669	CG5669_SOLEXA_5	11	1	0.068362	0.054054	0.812401	0.065183
CG5669	CG5669_SOLEXA_5	12	1	0.074722	0.742448	0.009539	0.173291
CG7368	CG7368_SOLEXA_2	4	1	0.025424	0	0.563559	0.411017
CG7368	CG7368_SOLEXA_2	5	1	0.016949	0	0.949153	0.033898
CG7368	CG7368_SOLEXA_2	6	1	0.012712	0	0.974576	0.012712
CG7368	CG7368_SOLEXA_2	7	1	0.088983	0.004237	0.720339	0.186441
CG7368	CG7368_SOLEXA_2	8	1	0.262712	0	0.355932	0.381356
CG7368	CG7368_SOLEXA_2	9	1	0.008475	0	0.847458	0.144068
CG7368	CG7368_SOLEXA_2	10	1	0	0	0.995763	0.004237
CG7368	CG7368_SOLEXA_2	11	1	0.004237	0	0.961864	0.033898
CG7368	CG7368_SOLEXA_2	12	1	0.012712	0	0.974576	0.012712
CG7368	CG7368_SOLEXA_2	13	1	0.021186	0.004237	0.860169	0.114407
CG7368	CG7368_SOLEXA_2	14	1	0.288136	0.09322	0.402542	0.216102
CG7368	CG7368_SOLEXA_2	15	1	0.287433	0.072736	0.475279	0.164552
CG7368	CG7368_SOLEXA_2	16	1	0.25	0.25	0.25	0.25
CG7928	CG7928_SOLEXA_5	1	-1	0.073357	0.666962	0.095208	0.164473
CG7928	CG7928_SOLEXA_5	2	-1	0.993166	0	0	0.006834
CG7928	CG7928_SOLEXA_5	3	-1	0	0	0.979499	0.020501
CG7928	CG7928_SOLEXA_5	4	-1	0	0.002278	0.995444	0.002278
CG7928	CG7928_SOLEXA_5	5	-1	0	0	0.990888	0.009112
CG7928	CG7928_SOLEXA_5	6	-1	0.469248	0.398633	0.031891	0.100228
CG7928	CG7928_SOLEXA_5	7	-1	0.034169	0.095672	0.013667	0.856492
CG7928	CG7928_SOLEXA_5	8	-1	0.209567	0.031891	0.740319	0.018223
CG7928	CG7928_SOLEXA_5	9	-1	0.072893	0.594533	0.318907	0.013667
CG7928	CG7928_SOLEXA_5	10	-1	0.596811	0.177677	0.161731	0.063781
CG7928	CG7928_SOLEXA_5	11	-1	0.296128	0.236902	0.28246	0.18451
CG7928	CG7928_SOLEXA_5	12	-1	0.53303	0.134396	0.207289	0.125285
CG7928	CG7928_SOLEXA_5	13	-1	0.576117	0.271264	0.095865	0.056755
CG7928	CG7928_SOLEXA_5	14	-1	0.462222	0.198371	0.200648	0.138759
CG7928	CG7928_SOLEXA_5	15	-1	0.25	0.25	0.25	0.25
CG7928	CG7928_SOLEXA_5	16	-1	0.25	0.25	0.25	0.25
CG8319	CG8319_SOLEXA_2	3	-1	0.004975	0	0.945274	0.049751
CG8319	CG8319_SOLEXA_2	4	-1	0	0	0.99005	0.00995
CG8319	CG8319_SOLEXA_2	5	-1	0.054726	0.004975	0.00995	0.930348
CG8319	CG8319_SOLEXA_2	6	-1	0.084577	0	0.915423	0
CG8319	CG8319_SOLEXA_2	7	-1	1	0	0	0
CG8319	CG8319_SOLEXA_2	8	-1	0.029851	0.965174	0	0.004975
CG8319	CG8319_SOLEXA_2	9	-1	0.024876	0.975124	0	0
CG8319	CG8319_SOLEXA_2	10	-1	0.00995	0.572139	0.024876	0.393035
CG8319	CG8319_SOLEXA_2	11	-1	0.133157	0.650425	0.058385	0.158033
CG8319	CG8319_SOLEXA_2	12	-1	0.25	0.25	0.25	0.25
CG9895	CG9895_SOLEXA_5	1	1	0.242431	0.054033	0.203528	0.500007
CG9895	CG9895_SOLEXA_5	2	1	0.044648	0.000302	0.930605	0.024446
CG9895	CG9895_SOLEXA_5	3	1	0.00202	0	0.966667	0.031313
CG9895	CG9895_SOLEXA_5	4	1	0	0	0.968687	0.031313
CG9895	CG9895_SOLEXA_5	5	1	0.019192	0.650505	0	0.330303
CG9895	CG9895_SOLEXA_5	6	1	0.00202	0	0.970707	0.027273
CG9895	CG9895_SOLEXA_5	7	1	0.00303	0.015152	0.214141	0.767677
CG9895	CG9895_SOLEXA_5	8	1	0.068687	0.018182	0.826263	0.086869
CG9895	CG9895_SOLEXA_5	9	1	0.063636	0.045455	0.788889	0.10202
CG9895	CG9895_SOLEXA_5	10	1	0.075568	0.510795	0.032008	0.381629
Cf2-PB	Cf2-PB_SOLEXA_5	1	1	0.454973	0.320477	0.155432	0.069119
Cf2-PB	Cf2-PB_SOLEXA_5	2	1	0.106429	0.020629	0.107455	0.765486
Cf2-PB	Cf2-PB_SOLEXA_5	3	1	0.988398	0.011602	0	0
Cf2-PB	Cf2-PB_SOLEXA_5	4	1	0	0	0.03518	0.96482
Cf2-PB	Cf2-PB_SOLEXA_5	5	1	1	0	0	0
Cf2-PB	Cf2-PB_SOLEXA_5	6	1	0.056512	0.197605	0.128368	0.617515
Cf2-PB	Cf2-PB_SOLEXA_5	7	1	0.269461	0.091317	0.639222	0
Cf2-PB	Cf2-PB_SOLEXA_5	8	1	0.009356	0.291916	0.038922	0.659805
Cf2-PB	Cf2-PB_SOLEXA_5	9	1	0.748129	0.030314	0.164296	0.05726
Cf2-PB	Cf2-PB_SOLEXA_5	10	1	0.267076	0.39591	0.142916	0.194097
Cf2-PB	Cf2-PB_SOLEXA_5	11	1	0.320088	0.286761	0.24709	0.146061
Cf2-PB	Cf2-PB_SOLEXA_5	12	1	0.25	0.25	0.25	0.25
Cf2-PB	Cf2-PB_SOLEXA_5	13	1	0.25	0.25	0.25	0.25
Esg	Esg_SOLEXA_F3-5	9	-1	0.010795	0.989205	0	0
Esg	Esg_SOLEXA_F3-5	10	-1	0.935588	0.064412	0	0
Esg	Esg_SOLEXA_F3-5	11	-1	0	1	0	0
Esg	Esg_SOLEXA_F3-5	12	-1	0	1	0	0
Esg	Esg_SOLEXA_F3-5	13	-1	0	0	0.181	0.819
Esg	Esg_SOLEXA_F3-5	14	-1	0.002159	0	0.904642	0.093199
Esg	Esg_SOLEXA_F3-5	15	-1	0.02303	0.876934	0.024109	0.075927
Lola-PD	Lola-PD_SOLEXA_5	4	1	0	0	0.716332	0.283668
Lola-PD	Lola-PD_SOLEXA_5	5	1	0	0	0.714422	0.285578
Lola-PD	Lola-PD_SOLEXA_5	6	1	0	0	1	0
Lola-PD	Lola-PD_SOLEXA_5	7	1	0	0	1	0
Lola-PD	Lola-PD_SOLEXA_5	8	1	0.21872	0	0.78128	0
Lola-PD	Lola-PD_SOLEXA_5	9	1	0	0	0.933142	0.066858
Lola-PD	Lola-PD_SOLEXA_5	10	1	0.242598	0.558739	0.131805	0.066858
Sp1	Sp1_SOLEXA_2	4	-1	0.114583	0.003472	0.411458	0.470486
Sp1	Sp1_SOLEXA_2	5	-1	0.126736	0	0.857639	0.015625
Sp1	Sp1_SOLEXA_2	6	-1	0.005208	0	0.977431	0.017361
Sp1	Sp1_SOLEXA_2	7	-1	0	0	0.987847	0.012153
Sp1	Sp1_SOLEXA_2	8	-1	0.046875	0.885417	0	0.067708
Sp1	Sp1_SOLEXA_2	9	-1	0.005208	0	0.96875	0.026042
Sp1	Sp1_SOLEXA_2	10	-1	0	0.001736	0.487847	0.510417
Sp1	Sp1_SOLEXA_2	11	-1	0.223958	0.027778	0.588542	0.159722
Sp1	Sp1_SOLEXA_2	12	-1	0.272569	0.114583	0.451389	0.161458
Sp1	Sp1_SOLEXA_2	13	-1	0.167178	0.648794	0.060252	0.123776
aef1	aef1_SOLEXA_5	3	1	0.584175	0.274411	0.139731	0.001684
aef1	aef1_SOLEXA_5	4	1	0.035354	0.93569	0.006734	0.022222
aef1	aef1_SOLEXA_5	5	1	0.929966	0.026936	0	0.043098
aef1	aef1_SOLEXA_5	6	1	0.811448	0.148148	0.040404	0
aef1	aef1_SOLEXA_5	7	1	0.052862	0.926936	0.006734	0.013468
aef1	aef1_SOLEXA_5	8	1	0.857576	0.084175	0.00404	0.054209
aef1	aef1_SOLEXA_5	9	1	0.86936	0.127273	0.003367	0
aef1	aef1_SOLEXA_5	10	1	0.027273	0.948822	0.000673	0.023232
aef1	aef1_SOLEXA_5	11	1	0.890909	0.063636	0.008081	0.037374
aef1	aef1_SOLEXA_5	12	1	0.745455	0.215152	0.029293	0.010101
aef1	aef1_SOLEXA_5	13	1	0.314141	0.50202	0.064983	0.118855
aef1	aef1_SOLEXA_5	14	1	0.414279	0.176125	0.22764	0.181956
aef1	aef1_SOLEXA_5	15	1	0.345249	0.388757	0.105592	0.160401
bowl	bowl_SOLEXA_5	3	1	0.390142	0.228488	0.21721	0.16416
bowl	bowl_SOLEXA_5	4	1	0.396408	0.307435	0.086466	0.209691
bowl	bowl_SOLEXA_5	5	1	0.460735	0.437343	0.055556	0.046366
bowl	bowl_SOLEXA_5	6	1	0.028822	0.951546	0	0.019632
bowl	bowl_SOLEXA_5	7	1	0.526316	0.027569	0.446115	0
bowl	bowl_SOLEXA_5	8	1	0	0	1	0
bowl	bowl_SOLEXA_5	9	1	0.216792	0.00543	0.04386	0.733918
bowl	bowl_SOLEXA_5	10	1	0.958229	0.023392	0.018379	0
bowl	bowl_SOLEXA_5	11	1	0	0.003759	0.996241	0
bowl	bowl_SOLEXA_5	12	1	0	0.908939	0.02005	0.071011
ci	ci_SOLEXA_5	1	1	0.029678	0.042707	0.870069	0.057546
ci	ci_SOLEXA_5	2	1	0.667752	0.177343	0.154904	0
ci	ci_SOLEXA_5	3	1	0.018096	0.981542	0	0.000362
ci	ci_SOLEXA_5	4	1	0	0.999638	0.000362	0
crol	crol_F7-16_SOLEXA_2	7	1	0.049737	0	0.94711	0.003152
crol	crol_F7-16_SOLEXA_2	8	1	0.045184	0.005604	0.948511	0.000701
crol	crol_F7-16_SOLEXA_2	9	1	0.007005	0	0.987741	0.005254
crol	crol_F7-16_SOLEXA_2	10	1	0	0	1	0
crol	crol_F7-16_SOLEXA_2	11	1	0.017863	0	0.981786	0.00035
crol	crol_F7-16_SOLEXA_2	12	1	0.015762	0.004904	0.923292	0.056042
crol	crol_F7-16_SOLEXA_2	13	1	0.143257	0.015061	0.737303	0.104378
disco	disco_SOLEXA_5	7	-1	0	0	0.950086	0.049914
disco	disco_SOLEXA_5	8	-1	0	0.018933	0	0.981067
disco	disco_SOLEXA_5	9	-1	0.010327	0.969019	0	0.020654
disco	disco_SOLEXA_5	10	-1	0.974182	0	0.018933	0.006885
disco	disco_SOLEXA_5	11	-1	0.204819	0.783133	0	0.012048
disco	disco_SOLEXA_5	12	-1	0.2358	0.726334	0.017212	0.020654
disco	disco_SOLEXA_5	13	-1	0.216867	0.309811	0.108434	0.364888
disco-r-Cl1	disco-r-Cl1_SOLEXA_5	6	-1	0.000387	0	0.999613	0
disco-r-Cl1	disco-r-Cl1_SOLEXA_5	7	-1	0.00348	0.001547	0.053751	0.941222
disco-r-Cl1	disco-r-Cl1_SOLEXA_5	8	-1	0.000773	0.999227	0	0
disco-r-Cl1	disco-r-Cl1_SOLEXA_5	9	-1	0.952823	0.015855	0.030549	0.000773
disco-r-Cl1	disco-r-Cl1_SOLEXA_5	10	-1	0.178268	0.806265	0	0.015468
disco-r-Cl1	disco-r-Cl1_SOLEXA_5	11	-1	0.181361	0.779582	0.023975	0.015081
disco-r-Cl1	disco-r-Cl1_SOLEXA_5	12	-1	0.319026	0.328306	0.134184	0.218484
fru	fru_SOLEXA_5	12	-1	0.394521	0.556164	0	0.049315
fru	fru_SOLEXA_5	13	-1	1	0	0	0
fru	fru_SOLEXA_5	14	-1	0.005479	0	0.991781	0.00274
fru	fru_SOLEXA_5	15	-1	0	0.00274	0.00274	0.994521
fru	fru_SOLEXA_5	16	-1	0.934247	0.008219	0	0.057534
fru	fru_SOLEXA_5	17	-1	0.989041	0.008219	0.00274	0
fru	fru_SOLEXA_5	18	-1	0.142466	0.512329	0.054795	0.290411
gl	gl_SOLEXA_5	1	-1	0.101843	0.071876	0.748936	0.077345
gl	gl_SOLEXA_5	2	-1	0.91443	0.029891	0.018755	0.036924
gl	gl_SOLEXA_5	3	-1	0.939866	0.026726	0.020045	0.013363
gl	gl_SOLEXA_5	4	-1	0.169265	0.033408	0.76392	0.033408
gl	gl_SOLEXA_5	5	-1	0.017817	0.957684	0.011136	0.013363
gl	gl_SOLEXA_5	6	-1	0.044543	0.926503	0.008909	0.020045
gl	gl_SOLEXA_5	7	-1	0.445434	0.309577	0.109131	0.135857
gl	gl_SOLEXA_5	8	-1	0.109131	0.169265	0.028953	0.69265
gl	gl_SOLEXA_5	9	-1	0.759465	0.064588	0.075724	0.100223
gl	gl_SOLEXA_5	10	-1	0.131403	0.496659	0.155902	0.216036
gl	gl_SOLEXA_5	11	-1	0.601336	0.097996	0.11804	0.182628
gl	gl_SOLEXA_5	12	-1	0.594655	0.153675	0.122494	0.129176
gl	gl_SOLEXA_5	13	-1	0.358575	0.256125	0.289532	0.095768
hb	hb_SOLEXA_5	4	1	0.128571	0.114286	0.471429	0.285714
hb	hb_SOLEXA_5	5	1	0	0	0	1
hb	hb_SOLEXA_5	6	1	0	0	0	1
hb	hb_SOLEXA_5	7	1	0	0	0	1
hb	hb_SOLEXA_5	8	1	0	0	0	1
hb	hb_SOLEXA_5	9	1	0.057143	0	0	0.942857
hb	hb_SOLEXA_5	10	1	0	0	0	1
hb	hb_SOLEXA_5	11	1	0.614286	0.057143	0.328571	0
hb	hb_SOLEXA_5	12	1	0.25	0.25	0.25	0.25
hb	hb_SOLEXA_5	13	1	0.25	0.25	0.25	0.25
hkb	hkb_SOLEXA_5	2	1	0.119203	0.020516	0.550945	0.309336
hkb	hkb_SOLEXA_5	3	1	0.193734	0	0.806266	0
hkb	hkb_SOLEXA_5	4	1	0	0	1	0
hkb	hkb_SOLEXA_5	5	1	0	0	1	0
hkb	hkb_SOLEXA_5	6	1	0.002521	0.991358	0.005762	0.00036
hkb	hkb_SOLEXA_5	7	1	0.00036	0	0.99964	0
hkb	hkb_SOLEXA_5	8	1	0.00072	0.010083	0.136118	0.853079
hkb	hkb_SOLEXA_5	9	1	0.012604	0	0.976593	0.010803
hkb	hkb_SOLEXA_5	10	1	0.650997	0.080728	0.12214	0.146135
hkb	hkb_SOLEXA_5	11	1	0.144379	0.211581	0.366424	0.277616
jim	jim_F1-9_SOLEXA_2	1	-1	0.499687	0.159888	0.259179	0.081247
jim	jim_F1-9_SOLEXA_2	2	-1	0.303565	0.457664	0.110146	0.128625
jim	jim_F1-9_SOLEXA_2	3	-1	0.879433	0.061466	0.014184	0.044917
jim	jim_F1-9_SOLEXA_2	4	-1	0.978723	0.014184	0	0.007092
jim	jim_F1-9_SOLEXA_2	5	-1	0.612293	0.245863	0	0.141844
jim	jim_F1-9_SOLEXA_2	6	-1	0.971631	0.002364	0.009456	0.016548
jim	jim_F1-9_SOLEXA_2	7	-1	0.87234	0.122931	0.004728	0
jim	jim_F1-9_SOLEXA_2	8	-1	0.825059	0.01182	0.1513	0.01182
jim	jim_F1-9_SOLEXA_2	9	-1	0.973995	0	0.026005	0
jim	jim_F1-9_SOLEXA_2	10	-1	0.375887	0.524823	0.094563	0.004728
jim	jim_F1-9_SOLEXA_2	11	-1	0.364066	0.288416	0.174941	0.172577
jim	jim_F1-9_SOLEXA_2	12	-1	0.567376	0.130024	0.174941	0.12766
jim	jim_F1-9_SOLEXA_2	13	-1	0.48227	0.338061	0.085106	0.094563
ken	ken_SOLEXA_5	4	-1	0.244403	0.337687	0.222015	0.195896
ken	ken_SOLEXA_5	5	-1	0.38806	0.037313	0.501866	0.072761
ken	ken_SOLEXA_5	6	-1	0.083955	0.001866	0.871269	0.04291
ken	ken_SOLEXA_5	7	-1	0.460821	0.020522	0.033582	0.485075
ken	ken_SOLEXA_5	8	-1	0	0	0.988806	0.011194
ken	ken_SOLEXA_5	9	-1	0.983209	0	0	0.016791
ken	ken_SOLEXA_5	10	-1	0.992537	0.003731	0.001866	0.001866
ken	ken_SOLEXA_5	11	-1	0.998134	0	0	0.001866
ken	ken_SOLEXA_5	12	-1	0.003731	0	0.985075	0.011194
ken	ken_SOLEXA_5	13	-1	0.003731	0.343284	0.085821	0.567164
klu	klu_SOLEXA_5	2	1	0.086604	0.039638	0.745404	0.128354
klu	klu_SOLEXA_5	3	1	0.073559	0.457256	0.019881	0.449304
klu	klu_SOLEXA_5	4	1	0.013917	0.001988	0.980119	0.003976
klu	klu_SOLEXA_5	5	1	0.027833	0.011928	0.333996	0.626243
klu	klu_SOLEXA_5	6	1	0.05169	0	0.93837	0.00994
klu	klu_SOLEXA_5	7	1	0.019881	0.00994	0.964215	0.005964
klu	klu_SOLEXA_5	8	1	0.017893	0	0.976143	0.005964
klu	klu_SOLEXA_5	9	1	0.141153	0.095427	0.011928	0.751491
klu	klu_SOLEXA_5	10	1	0.005964	0	0.976143	0.017893
klu	klu_SOLEXA_5	11	1	0.05169	0.047714	0.592445	0.308151
klu	klu_SOLEXA_5	12	1	0.200795	0.127237	0.405567	0.266402
klu	klu_SOLEXA_5	13	1	0.188867	0.168986	0.373757	0.26839
klu	klu_SOLEXA_5	14	1	0.161175	0.18475	0.339819	0.314256
kr	kr_SOLEXA_2	4	-1	0.195801	0.199839	0.428744	0.175616
kr	kr_SOLEXA_2	5	-1	0.605168	0.091239	0.238595	0.064998
kr	kr_SOLEXA_2	6	-1	0.726686	0.020993	0.08478	0.167541
kr	kr_SOLEXA_2	7	-1	0.612434	0.207105	0.134033	0.046427
kr	kr_SOLEXA_2	8	-1	0	0	1	0
kr	kr_SOLEXA_2	9	-1	0.062576	0	0.937424	0
kr	kr_SOLEXA_2	10	-1	0.048849	0.014534	0.936617	0
kr	kr_SOLEXA_2	11	-1	0.023819	0.008074	0.284215	0.683892
kr	kr_SOLEXA_2	12	-1	0.151797	0.035527	0.09891	0.713767
kr	kr_SOLEXA_2	13	-1	0.603553	0.076302	0.272911	0.047235
l(3)neo38	l(3)neo38_SOLEXA_2	3	1	0.041621	0.005476	0.523549	0.429354
l(3)neo38	l(3)neo38_SOLEXA_2	4	1	0.121577	0	0.851041	0.027382
l(3)neo38	l(3)neo38_SOLEXA_2	5	1	0	0	0.993428	0.006572
l(3)neo38	l(3)neo38_SOLEXA_2	6	1	0.124863	0.023001	0.613363	0.238773
l(3)neo38	l(3)neo38_SOLEXA_2	7	1	0.176342	0.082147	0.371303	0.370208
l(3)neo38	l(3)neo38_SOLEXA_2	8	1	0	0	0.884995	0.115005
l(3)neo38	l(3)neo38_SOLEXA_2	9	1	0	0	0.966046	0.033954
l(3)neo38	l(3)neo38_SOLEXA_2	10	1	0.084337	0	0.914567	0.001095
l(3)neo38	l(3)neo38_SOLEXA_2	11	1	0	0	0.990142	0.009858
l(3)neo38	l(3)neo38_SOLEXA_2	12	1	0.078861	0.042716	0.624315	0.254107
l(3)neo38	l(3)neo38_SOLEXA_2	13	1	0.232202	0.118291	0.391019	0.258488
l(3)neo38	l(3)neo38_SOLEXA_2	14	1	0.187734	0.163306	0.456844	0.192115
l(3)neo38	l(3)neo38_SOLEXA_2	15	1	0.205306	0.191737	0.362602	0.240355
lmd	lmd_SOLEXA_5	3	-1	0.155979	0.221837	0.419411	0.202773
lmd	lmd_SOLEXA_5	4	-1	0.551127	0.315425	0.121317	0.012132
lmd	lmd_SOLEXA_5	5	-1	0.034662	0.894281	0	0.071057
lmd	lmd_SOLEXA_5	6	-1	0.07799	0.904679	0	0.017331
lola-PA	lola-PA_SOLEXA_5	8	1	0.411342	0.264071	0.112569	0.212019
lola-PA	lola-PA_SOLEXA_5	9	1	0.477359	0	0.522641	0
lola-PA	lola-PA_SOLEXA_5	10	1	0	0	1	0
lola-PA	lola-PA_SOLEXA_5	11	1	0	0	1	0
lola-PA	lola-PA_SOLEXA_5	12	1	0.175201	0.106644	0.017351	0.700804
lola-PA	lola-PA_SOLEXA_5	13	1	0.120186	0.048244	0	0.83157
lola-PA	lola-PA_SOLEXA_5	14	1	0.103807	0.505799	0.024631	0.365763
lola-PC	lola-PC_SOLEXA_5	3	1	0.06943	0.010017	0.786183	0.13437
lola-PC	lola-PC_SOLEXA_5	4	1	0	0.000345	0.999655	0
lola-PC	lola-PC_SOLEXA_5	5	1	0.719171	0.020035	0.260794	0
lola-PC	lola-PC_SOLEXA_5	6	1	0.992055	0.007945	0	0
lola-PC	lola-PC_SOLEXA_5	7	1	0.990674	0.009326	0	0
lola-PC	lola-PC_SOLEXA_5	8	1	0.989983	0.007945	0.002073	0
lola-PC	lola-PC_SOLEXA_5	9	1	0.171675	0.269775	0.259758	0.298791
lola-PF	lola-PF_SOLEXA_2	8	-1	0.004494	0.001498	0.993633	0.000375
lola-PF	lola-PF_SOLEXA_2	9	-1	0.05618	0	0.943446	0.000375
lola-PF	lola-PF_SOLEXA_2	10	-1	0.949438	0.000375	0.050187	0
lola-PF	lola-PF_SOLEXA_2	11	-1	0	0	0.997753	0.002247
lola-PF	lola-PF_SOLEXA_2	12	-1	0	0.000749	0.026592	0.972659
lola-PF	lola-PF_SOLEXA_2	13	-1	0.023221	0.065169	0.010861	0.900749
lola-PF	lola-PF_SOLEXA_2	14	-1	0.242848	0.053219	0.361834	0.342099
lola-PI	lola-PI_SOLEXA_2	2	-1	0.768872	0.054174	0.03977	0.137184
lola-PI	lola-PI_SOLEXA_2	3	-1	0.954733	0.045267	0	0
lola-PI	lola-PI_SOLEXA_2	4	-1	1	0	0	0
lola-PI	lola-PI_SOLEXA_2	5	-1	0	0	1	0
lola-PI	lola-PI_SOLEXA_2	6	-1	0	1	0	0
lola-PI	lola-PI_SOLEXA_2	7	-1	0.045574	0.027472	0.031587	0.895368
lola-PI	lola-PI_SOLEXA_2	8	-1	0.123832	0.501682	0.102505	0.271981
lola-PL	lola-PL_SOLEXA_2	7	-1	0	0	1	0
lola-PL	lola-PL_SOLEXA_2	8	-1	0	0	0	1
lola-PL	lola-PL_SOLEXA_2	9	-1	0	0	1	0
lola-PL	lola-PL_SOLEXA_2	10	-1	0	0	1	0
lola-PL	lola-PL_SOLEXA_2	11	-1	0.15672	0.066473	0.384765	0.392043
lola-PL	lola-PL_SOLEXA_2	12	-1	0.07181	0	0.469675	0.458515
lola-PL	lola-PL_SOLEXA_2	13	-1	0.21737	0.598253	0.079573	0.104803
lola-PN	lola-PN_SOLEXA_2	5	1	0.488453	0.06351	0.393764	0.054273
lola-PN	lola-PN_SOLEXA_2	6	1	0.158199	0.003464	0.712471	0.125866
lola-PN	lola-PN_SOLEXA_2	7	1	0	0	1	0
lola-PN	lola-PN_SOLEXA_2	8	1	0	0	1	0
lola-PN	lola-PN_SOLEXA_2	9	1	0	0	0.058891	0.941109
lola-PN	lola-PN_SOLEXA_2	10	1	0	0.303695	0.048499	0.647806
lola-PN	lola-PN_SOLEXA_2	11	1	0.2194	0.265589	0.211316	0.303695
lola-PU	lola-PU_SOLEXA_5	5	1	0.402235	0.037709	0.28352	0.276536
lola-PU	lola-PU_SOLEXA_5	6	1	0.020601	0	0.032123	0.947277
lola-PU	lola-PU_SOLEXA_5	7	1	0	0	0.020601	0.979399
lola-PU	lola-PU_SOLEXA_5	8	1	0	0	1	0
lola-PU	lola-PU_SOLEXA_5	9	1	0.959497	0.040503	0	0
lola-PU	lola-PU_SOLEXA_5	10	1	0	0	1	0
lola-PU	lola-PU_SOLEXA_5	11	1	0.013268	0.772346	0.111732	0.102654
lola-PY	lola-PY_SOLEXA_5	7	1	0.722453	0	0.257722	0.019825
lola-PY	lola-PY_SOLEXA_5	8	1	0.087137	0	0.847856	0.065007
lola-PY	lola-PY_SOLEXA_5	9	1	0	0	1	0
lola-PY	lola-PY_SOLEXA_5	10	1	0	0	1	0
lola-PY	lola-PY_SOLEXA_5	11	1	0	0	0.06639	0.93361
lola-PY	lola-PY_SOLEXA_5	12	1	0.007377	0.479945	0	0.512679
lola-PY	lola-PY_SOLEXA_5	13	1	0.257722	0.232365	0.245274	0.264638
luna	luna_SOLEXA_5	4	1	0.294118	0.058824	0.196078	0.45098
luna	luna_SOLEXA_5	5	1	0.058824	0	0.911765	0.029412
luna	luna_SOLEXA_5	6	1	0.006536	0	0.946078	0.047386
luna	luna_SOLEXA_5	7	1	0.001634	0.00817	0.960784	0.029412
luna	luna_SOLEXA_5	8	1	0.027778	0.764706	0.001634	0.205882
luna	luna_SOLEXA_5	9	1	0	0	0.99183	0.00817
luna	luna_SOLEXA_5	10	1	0.00817	0.039216	0.243464	0.70915
luna	luna_SOLEXA_5	11	1	0.096405	0.029412	0.754902	0.119281
luna	luna_SOLEXA_5	12	1	0.060458	0.044118	0.756536	0.138889
luna	luna_SOLEXA_5	13	1	0.05719	0.647059	0.042484	0.253268
opa	opa_SOLEXA_5	4	1	0.130306	0.342562	0.416021	0.111111
opa	opa_SOLEXA_5	5	1	0.447398	0.325951	0.221853	0.004799
opa	opa_SOLEXA_5	6	1	0.101883	0.805463	0.019195	0.073459
opa	opa_SOLEXA_5	7	1	0.083795	0.893319	0	0.022887
ovo	ovo_SOLEXA_5	1	-1	0.365045	0.08213	0.251663	0.301162
ovo	ovo_SOLEXA_5	2	-1	0.296078	0.025789	0.502448	0.175685
ovo	ovo_SOLEXA_5	3	-1	0.113022	0.029484	0.054054	0.80344
ovo	ovo_SOLEXA_5	4	-1	0.449631	0.383292	0.04914	0.117936
ovo	ovo_SOLEXA_5	5	-1	0.014742	0.985258	0	0
ovo	ovo_SOLEXA_5	6	-1	0.019656	0.980344	0	0
ovo	ovo_SOLEXA_5	7	-1	0.007371	0	0.985258	0.007371
ovo	ovo_SOLEXA_5	8	-1	0.004914	0	0	0.995086
ovo	ovo_SOLEXA_5	9	-1	0.054054	0	0.002457	0.943489
ovo	ovo_SOLEXA_5	10	-1	0.987715	0.007371	0.004914	0
pad	pad_SOLEXA_5	17	-1	0.265549	0.201258	0.39972	0.133473
pad	pad_SOLEXA_5	18	-1	0.772886	0.114605	0.009085	0.103424
pad	pad_SOLEXA_5	19	-1	0.001398	0	0.997205	0.001398
pad	pad_SOLEXA_5	20	-1	0	0	1	0
pad	pad_SOLEXA_5	21	-1	0.062893	0	0.928721	0.008386
pad	pad_SOLEXA_5	22	-1	0.006988	0	0.946191	0.04682
pad	pad_SOLEXA_5	23	-1	0.570231	0.067785	0.079665	0.28232
pad	pad_SOLEXA_5	24	-1	0.680643	0.067785	0.032145	0.219427
pad	pad_SOLEXA_5	25	-1	0.269778	0.334694	0.247343	0.148185
pad	pad_SOLEXA_5	26	-1	0.25	0.25	0.25	0.25
peb-1	peb-1_SOLEXA_2	6	1	0	0	1	0
peb-1	peb-1_SOLEXA_2	7	1	0.999257	0.000743	0	0
peb-1	peb-1_SOLEXA_2	8	1	0	0	0	1
peb-1	peb-1_SOLEXA_2	9	1	0	0	1	0
peb-1	peb-1_SOLEXA_2	10	1	0.022683	0.903023	0.031552	0.042742
peb-1	peb-1_SOLEXA_2	11	1	0.069807	0.121686	0.131345	0.677162
peb-1	peb-1_SOLEXA_2	12	1	0.25	0.25	0.25	0.25
pho	pho_SOLEXA_5	3	-1	0.312354	0.475524	0.135198	0.076923
pho	pho_SOLEXA_5	4	-1	0.69697	0.060606	0.18648	0.055944
pho	pho_SOLEXA_5	5	-1	0.568765	0.137529	0.013986	0.27972
pho	pho_SOLEXA_5	6	-1	0.515152	0.121212	0.20979	0.153846
pho	pho_SOLEXA_5	7	-1	0.97669	0	0	0.02331
pho	pho_SOLEXA_5	8	-1	0	0	0	1
pho	pho_SOLEXA_5	9	-1	0	0	1	0
pho	pho_SOLEXA_5	10	-1	0	0	1	0
pho	pho_SOLEXA_5	11	-1	0.086247	0.892774	0	0.020979
pho	pho_SOLEXA_5	12	-1	0.027972	0.102564	0.792541	0.076923
pho	pho_SOLEXA_5	13	-1	0.188811	0.144522	0.566434	0.100233
pho	pho_SOLEXA_5	14	-1	0.32569	0.486664	0.071746	0.1159
pho	pho_SOLEXA_5	15	-1	0.193492	0.355459	0.168979	0.28207
phol	phol_SOLEXA_5	3	-1	0.286252	0.548023	0.083804	0.081921
phol	phol_SOLEXA_5	4	-1	0.948211	0.012241	0.022599	0.016949
phol	phol_SOLEXA_5	5	-1	0.87194	0.046139	0.035782	0.046139
phol	phol_SOLEXA_5	6	-1	0.312618	0.199623	0.257062	0.230697
phol	phol_SOLEXA_5	7	-1	0.97081	0	0	0.02919
phol	phol_SOLEXA_5	8	-1	0	0.000942	0.006591	0.992467
phol	phol_SOLEXA_5	9	-1	0	0	0.967043	0.032957
phol	phol_SOLEXA_5	10	-1	0	0.001883	0.97646	0.021657
phol	phol_SOLEXA_5	11	-1	0.048023	0.909605	0.000942	0.041431
phol	phol_SOLEXA_5	12	-1	0.049906	0.089454	0.787194	0.073446
phol	phol_SOLEXA_5	13	-1	0.225047	0.249529	0.370056	0.155367
phol	phol_SOLEXA_5	14	-1	0.302002	0.529919	0.059109	0.10897
phol	phol_SOLEXA_5	15	-1	0.187825	0.366318	0.182702	0.263155
rn	rn_SOLEXA_2	6	-1	0.112288	0.491525	0.17161	0.224576
rn	rn_SOLEXA_2	7	-1	0.980932	0.004237	0.008475	0.006356
rn	rn_SOLEXA_2	8	-1	0.955508	0.010593	0	0.033898
rn	rn_SOLEXA_2	9	-1	1	0	0	0
rn	rn_SOLEXA_2	10	-1	1	0	0	0
rn	rn_SOLEXA_2	11	-1	0.993644	0	0	0.006356
rn	rn_SOLEXA_2	12	-1	0.95339	0.04661	0	0
rn	rn_SOLEXA_2	13	-1	0.489407	0.283898	0.082627	0.144068
rn	rn_SOLEXA_2	14	-1	0.362288	0.302966	0.192797	0.141949
rn	rn_SOLEXA_2	15	-1	0.247881	0.34322	0.245763	0.163136
sens	sens_SOLEXA_5	5	-1	0.739407	0.17161	0.044492	0.044492
sens	sens_SOLEXA_5	6	-1	0.985169	0	0	0.014831
sens	sens_SOLEXA_5	7	-1	0.972458	0.002119	0	0.025424
sens	sens_SOLEXA_5	8	-1	0	0	0.010593	0.989407
sens	sens_SOLEXA_5	9	-1	0.012712	0.951271	0	0.036017
sens	sens_SOLEXA_5	10	-1	0.822034	0	0.008475	0.169492
sens	sens_SOLEXA_5	11	-1	0.055085	0.834746	0.088983	0.021186
sens	sens_SOLEXA_5	12	-1	0.455508	0.008475	0.398305	0.137712
sens	sens_SOLEXA_5	13	-1	0.177966	0.021186	0.764831	0.036017
sens	sens_SOLEXA_5	14	-1	0.074037	0.766005	0.032954	0.127003
sens2	sens2_SOLEXA_2	1	-1	0.585684	0.285448	0.083901	0.044967
sens2	sens2_SOLEXA_2	2	-1	0.993617	0.002515	0.002108	0.00176
sens2	sens2_SOLEXA_2	3	-1	0.999593	0.000407	0	0
sens2	sens2_SOLEXA_2	4	-1	0	0.002443	0.125407	0.87215
sens2	sens2_SOLEXA_2	5	-1	0	1	0	0
sens2	sens2_SOLEXA_2	6	-1	0.764251	0.010993	0.022394	0.202362
sens2	sens2_SOLEXA_2	7	-1	0.067182	0.768322	0.164495	0
sens2	sens2_SOLEXA_2	8	-1	0.459283	0.014251	0.318811	0.207655
sens2	sens2_SOLEXA_2	9	-1	0.191368	0.052932	0.705619	0.050081
sens2	sens2_SOLEXA_2	10	-1	0.115548	0.697563	0.068898	0.117991
sens2	sens2_SOLEXA_2	11	-1	0.384591	0.337722	0.118259	0.159428
sens2	sens2_SOLEXA_2	12	-1	0.25	0.25	0.25	0.25
sens2	sens2_SOLEXA_2	13	-1	0.25	0.25	0.25	0.25
shn-F1-2	shn-F1-2_SOLEXA_2	4	1	0.194805	0.011364	0.785714	0.008117
shn-F1-2	shn-F1-2_SOLEXA_2	5	1	0.962662	0.030844	0.006494	0
shn-F1-2	shn-F1-2_SOLEXA_2	6	1	0.183442	0.077922	0	0.738636
shn-F1-2	shn-F1-2_SOLEXA_2	7	1	0.003247	0.001623	0	0.99513
shn-F1-2	shn-F1-2_SOLEXA_2	8	1	0	0.964286	0.001623	0.034091
shn-F1-2	shn-F1-2_SOLEXA_2	9	1	0.001623	0.99026	0	0.008117
shn-F1-2	shn-F1-2_SOLEXA_2	10	1	0.160714	0.378247	0.217532	0.243506
sob	sob_F3t5_SOLEXA_5	4	-1	0.139005	0.006044	0.800558	0.054393
sob	sob_F3t5_SOLEXA_5	5	-1	0.006044	0.992097	0.001395	0.000465
sob	sob_F3t5_SOLEXA_5	6	-1	0.00093	0	0.877731	0.121339
sob	sob_F3t5_SOLEXA_5	7	-1	0.00093	0	0.028824	0.970246
sob	sob_F3t5_SOLEXA_5	8	-1	0.859135	0	0.137146	0.003719
sob	sob_F3t5_SOLEXA_5	9	-1	0.992097	0.006509	0.00093	0.000465
sob	sob_F3t5_SOLEXA_5	10	-1	0.017666	0.865179	0.000465	0.11669
sob	sob_F3t5_SOLEXA_5	11	-1	0.291957	0.077638	0.469084	0.16132
sob	sob_F3t5_SOLEXA_5	12	-1	0.240818	0.25523	0.268247	0.235704
sob	sob_F3t5_SOLEXA_5	13	-1	0.309159	0.298466	0.243143	0.149233
sob	sob_SOLEXA_5	6	-1	0.057667	0.878113	0.001311	0.06291
sob	sob_SOLEXA_5	7	-1	0.539974	0	0.351245	0.108781
sob	sob_SOLEXA_5	8	-1	0	0	0.916121	0.083879
sob	sob_SOLEXA_5	9	-1	0.169069	0.013106	0.018349	0.799476
sob	sob_SOLEXA_5	10	-1	0.947575	0.001311	0.026212	0.024902
sob	sob_SOLEXA_5	11	-1	0	0	0.982962	0.017038
sob	sob_SOLEXA_5	12	-1	0.036697	0.87287	0.013106	0.077326
sqz	sqz_SOLEXA_5	5	-1	0.318501	0.489461	0.004684	0.187354
sqz	sqz_SOLEXA_5	6	-1	0.991803	0	0.004684	0.003513
sqz	sqz_SOLEXA_5	7	-1	0.974239	0	0	0.025761
sqz	sqz_SOLEXA_5	8	-1	0.998829	0	0.001171	0
sqz	sqz_SOLEXA_5	9	-1	1	0	0	0
sqz	sqz_SOLEXA_5	10	-1	0.987119	0	0	0.012881
sqz	sqz_SOLEXA_5	11	-1	0.997658	0	0	0.002342
sqz	sqz_SOLEXA_5	12	-1	0.64637	0.250585	0.009368	0.093677
sqz	sqz_SOLEXA_5	13	-1	0.483607	0.217799	0.173302	0.125293
sqz	sqz_SOLEXA_5	14	-1	0.14896	0.325279	0.300689	0.225073
sr	sr_SOLEXA_5	3	1	0.154833	0.098375	0.590248	0.156544
sr	sr_SOLEXA_5	4	1	0.093242	0.461078	0.136869	0.308811
sr	sr_SOLEXA_5	5	1	0	0	0.996578	0.003422
sr	sr_SOLEXA_5	6	1	0.025235	0.002566	0.298118	0.67408
sr	sr_SOLEXA_5	7	1	0.150556	0	0.832763	0.016681
sr	sr_SOLEXA_5	8	1	0	0	1	0
sr	sr_SOLEXA_5	9	1	0	0	0.983747	0.016253
sr	sr_SOLEXA_5	10	1	0.122754	0.510693	0.038922	0.32763
sr	sr_SOLEXA_5	11	1	0.057314	0.038494	0.819076	0.085115
sr	sr_SOLEXA_5	12	1	0.088965	0.069718	0.476476	0.364842
sug	sug_SOLEXA_5	3	-1	0.107692	0.14965	0.637762	0.104895
sug	sug_SOLEXA_5	4	-1	0.682517	0.188811	0.128671	0
sug	sug_SOLEXA_5	5	-1	0.034965	0.960839	0	0.004196
sug	sug_SOLEXA_5	6	-1	0.047552	0.938462	0	0.013986
ttk	ttk_SOLEXA_5	5	-1	0.190629	0	0.809371	0
ttk	ttk_SOLEXA_5	6	-1	0	0	1	0
ttk	ttk_SOLEXA_5	7	-1	0	0	1	0
ttk	ttk_SOLEXA_5	8	-1	0	0	1	0
ttk	ttk_SOLEXA_5	9	-1	0.18133	0.002146	0.224249	0.592275
ttk	ttk_SOLEXA_5	10	-1	0.103362	0	0.407368	0.48927
ttk	ttk_SOLEXA_5	11	-1	0.016094	0.130544	0.814735	0.038627
vfl	vfl_SOLEXA_5	6	1	0.009198	0.984231	0	0.00657
vfl	vfl_SOLEXA_5	7	1	0.99343	0.001314	0.001314	0.003942
vfl	vfl_SOLEXA_5	8	1	0	0	0.960578	0.039422
vfl	vfl_SOLEXA_5	9	1	0.001314	0	0.985545	0.013141
vfl	vfl_SOLEXA_5	10	1	0.005256	0	0.003942	0.990802
vfl	vfl_SOLEXA_5	11	1	0.99343	0.00657	0	0
vfl	vfl_SOLEXA_5	12	1	0.099869	0.098555	0.743758	0.057819
wor	wor_SOLEXA_2	2	-1	0.081431	0.848613	0.015837	0.054118
wor	wor_SOLEXA_2	3	-1	0.960981	0.010591	0	0.028428
wor	wor_SOLEXA_2	4	-1	0	0.986622	0	0.013378
wor	wor_SOLEXA_2	5	-1	0.012263	0.971572	0	0.016165
wor	wor_SOLEXA_2	6	-1	0	0	0.004459	0.995541
wor	wor_SOLEXA_2	7	-1	0.005643	0.001325	0.981258	0.011774
wor	wor_SOLEXA_2	8	-1	0.0567	0.615541	0.013534	0.314225
wor	wor_SOLEXA_2	9	-1	0.25	0.25	0.25	0.25
wor	wor_SOLEXA_2	10	-1	0.25	0.25	0.25	0.25
wor	wor_SOLEXA_2	11	-1	0.25	0.25	0.25	0.25
