>AbdA_Cell_FBgn0000014
1	3	0	14
0	0	0	18
16	0	0	2
18	0	0	0
1	0	0	17
0	0	6	12
15	1	2	0
>AbdB_Cell_FBgn0000015
1	5	12	3
6	1	2	12
1	0	0	20
0	0	0	21
5	0	0	16
21	0	0	0
0	3	0	18
3	0	11	7
13	0	5	3
>Achi_Cell_FBgn0033749
4	3	1	15
6	4	1	12
0	0	0	23
0	0	23	0
23	0	0	0
0	22	0	1
23	0	0	0
>Al_Cell_FBgn0000061
0	0	0	20
20	0	0	0
20	0	0	0
0	0	0	20
0	0	0	20
17	0	3	0
18	0	2	0
>Antp_Cell_FBgn0000095
1	5	2	8
1	1	0	14
0	0	0	16
16	0	0	0
16	0	0	0
0	0	0	16
0	0	9	7
15	0	1	0
>Ap_Cell_FBgn0000099
5	4	9	1
2	10	0	7
1	0	0	18
19	0	0	0
19	0	0	0
0	0	0	19
0	0	6	13
16	0	3	0
>Ara_Cell_FBgn0015904
12	5	10	7
16	7	6	5
24	1	1	8
14	0	5	15
23	0	0	11
34	0	0	0
0	34	0	0
34	0	0	0
>Awh_Cell_FBgn0013751
3	16	0	21
1	0	0	39
33	0	7	0
40	0	0	0
0	0	1	39
0	0	8	32
34	0	4	2
>Bap_Cell_FBgn0004862
7	4	4	8
1	9	5	8
0	0	1	22
0	0	0	23
23	0	0	0
23	0	0	0
0	0	23	0
1	0	0	22
7	0	16	0
3	8	9	3
>Bcd_Cell_FBgn0000166
1	6	10	5
3	5	3	11
0	0	0	22
20	0	0	2
22	0	0	0
0	0	1	21
0	22	0	0
0	21	0	1
>BH1_Cell_FBgn0011758
1	5	12	3
4	4	0	13
0	0	0	21
21	0	0	0
21	0	0	0
8	0	0	13
1	7	0	13
1	0	20	0
7	3	8	3
>BH2_Cell_FBgn0004854
2	7	7	5
6	2	1	12
0	0	0	21
21	0	0	0
21	0	0	0
5	0	0	16
3	1	2	15
0	0	21	0
5	4	11	1
>Bsh_Cell_FBgn0000529
3	5	1	7
1	3	2	10
0	0	0	16
16	0	0	0
16	0	0	0
0	1	0	15
0	3	6	7
7	0	9	0
3	3	9	1
>Btn_Cell_FBgn0014949
4	9	5	5
5	1	4	13
0	0	0	23
22	0	1	0
23	0	0	0
0	1	0	22
0	0	15	8
19	0	3	1
>C15_Cell_FBgn0004863
2	4	8	5
1	1	0	17
0	0	0	19
17	0	0	2
19	0	0	0
6	2	0	11
0	3	6	10
10	0	9	0
>Cad_Cell_FBgn0000251
12	6	4	16
3	3	3	29
4	0	0	34
12	0	2	24
38	0	0	0
0	0	0	38
4	0	7	27
22	0	15	1
>Caup_Cell_FBgn0015919
4	9	2	4
9	0	3	7
8	0	4	7
4	1	2	12
14	0	2	3
19	0	0	0
0	19	0	0
19	0	0	0
>Ct_Cell_FBgn0004198
3	3	7	7
3	8	6	3
0	6	0	14
1	2	0	17
9	0	11	0
20	0	0	0
17	0	1	2
0	19	1	0
>Dfd_Cell_FBgn0000439
8	9	4	3
1	4	3	16
0	0	0	24
24	0	0	0
24	0	0	0
0	0	0	24
1	0	19	4
21	0	3	0
>Dll_Cell_FBgn0000157
1	0	0	22
21	0	2	0
23	0	0	0
0	0	0	23
4	0	2	17
11	0	8	4
0	12	4	7
>Dr_Cell_FBgn0000492
4	8	9	0
11	2	4	4
1	13	6	1
0	16	0	5
21	0	0	0
21	0	0	0
0	0	0	21
0	0	0	21
21	0	0	0
>E5_Cell_FBgn0008646
11	9	12	11
5	15	6	17
3	0	0	40
43	0	0	0
42	0	0	1
1	0	1	41
5	0	16	22
34	0	9	0
>Ems_Cell_FBgn0000576
8	1	2	9
3	7	1	9
3	0	0	17
19	0	0	1
19	0	1	0
0	0	0	20
0	1	10	9
14	0	6	0
>En_Cell_FBgn0000577
3	3	12	5
2	8	2	11
0	0	0	23
23	0	0	0
23	0	0	0
0	0	0	23
0	0	2	21
13	0	10	0
>Eve_Cell_FBgn0000606
6	1	9	6
3	10	0	9
1	0	0	21
22	0	0	0
22	0	0	0
0	2	1	19
0	2	11	9
17	0	4	1
>Exd_Cell_FBgn0000611
4	4	4	5
1	0	2	14
0	0	0	17
0	0	0	17
0	0	17	0
17	0	0	0
0	12	0	5
11	0	6	0
>Exex_Cell_FBgn0041156
0	6	10	7
5	0	0	18
23	0	0	0
18	0	0	5
0	1	0	22
3	0	3	17
19	3	1	0
>Ftz_Cell_FBgn0001077
3	5	8	2
1	2	0	15
1	0	0	17
18	0	0	0
18	0	0	0
0	0	0	18
0	0	9	9
14	0	4	0
>Gsc_Cell_FBgn0010323
8	8	5	1
4	5	4	9
0	0	0	22
22	0	0	0
22	0	0	0
0	0	0	22
0	22	0	0
0	14	2	6
>H2.0_Cell_FBgn0001170
4	1	3	24
10	1	0	21
18	0	1	13
21	0	0	11
8	0	0	24
9	0	9	14
23	0	7	2
>Hbn_Cell_FBgn0008636
0	1	1	15
5	0	0	12
17	0	0	0
12	0	0	5
0	0	0	17
2	0	3	12
12	0	4	1
>Hgtx_Cell_FBgn0040318
4	1	5	10
4	2	3	11
0	0	0	20
20	0	0	0
20	0	0	0
0	0	0	20
1	0	6	13
15	0	5	0
>Hmx_Cell_FBgn0085448
1	3	0	16
0	0	0	20
20	0	0	0
20	0	0	0
1	0	0	19
0	3	0	17
4	0	16	0
>Hth_Cell_FBgn0001235
0	0	0	17
0	0	17	0
17	0	0	0
0	17	0	0
14	0	3	0
>Ind_Cell_FBgn0025776
1	9	2	9
9	4	6	2
0	12	0	9
0	0	0	21
21	0	0	0
21	0	0	0
0	0	1	20
0	0	8	13
19	0	2	0
>Inv_Cell_FBgn0001269
4	0	3	9
1	9	0	6
0	0	0	16
16	0	0	0
16	0	0	0
0	0	0	16
0	0	0	16
11	0	5	0
>Lab_Cell_FBgn0002522
1	3	0	12
0	0	0	16
16	0	0	0
16	0	0	0
1	0	0	15
0	0	6	10
16	0	0	0
>Lag1_Cell_FBgn0040918
0	19	0	0
0	9	0	10
17	2	0	0
1	18	0	0
0	12	0	7
18	0	1	0
12	0	4	3
10	3	4	2
10	1	0	8
3	2	1	13
>Lbe_Cell_FBgn0011278
3	5	9	5
4	6	2	10
0	0	0	22
22	0	0	0
22	0	0	0
1	10	2	9
4	5	3	10
19	0	3	0
>Lbl_Cell_FBgn0008651
5	5	11	2
5	10	0	8
0	0	0	23
23	0	0	0
23	0	0	0
0	5	0	18
1	3	7	12
17	0	6	0
>Lim1_Cell_FBgn0026411
0	2	0	16
0	0	0	18
18	0	0	0
18	0	0	0
0	0	0	18
0	0	0	18
17	0	1	0
>Lim3_Cell_FBgn0002023
8	5	2	5
3	7	2	8
4	0	0	16
16	0	3	1
20	0	0	0
0	0	0	20
0	2	4	14
16	0	4	0
>Mirr_Cell_FBgn0014343
18	6	6	11
18	4	10	9
22	7	6	6
20	1	1	19
29	0	2	10
41	0	0	0
0	41	0	0
41	0	0	0
>NK7.1_Cell_FBgn0024321
13	9	5	8
5	5	1	24
0	0	0	35
33	0	2	0
35	0	0	0
4	0	5	26
6	0	7	22
13	0	22	0
>Oc_Cell_FBgn0004102
5	2	1	11
0	0	0	19
19	0	0	0
19	0	0	0
0	0	2	17
0	19	0	0
0	17	1	1
>Odsh_Cell_FBgn0026058
0	11	4	7
0	0	0	22
22	0	0	0
22	0	0	0
0	0	0	22
0	0	0	22
13	0	8	1
>onecut_Cell_FBgn0028996
1	2	0	12
0	0	0	15
0	0	15	0
15	0	0	0
0	0	0	15
0	0	0	15
5	0	4	6
>Optix_Cell_FBgn0025360
12	4	2	9
13	4	3	7
4	4	16	3
0	5	0	22
0	0	27	0
27	0	0	0
0	0	0	27
26	0	1	0
>Otp_Cell_FBgn0015524
3	4	2	11
1	6	2	11
0	1	0	19
20	0	0	0
20	0	0	0
0	0	0	20
0	1	4	15
15	0	3	2
>Pb_Cell_FBgn0051481
3	3	10	8
4	9	0	11
0	0	0	24
24	0	0	0
24	0	0	0
0	0	0	24
0	0	11	13
24	0	0	0
>PhdP_Cell_FBgn0025334
5	5	0	7
1	0	0	16
15	0	0	2
16	0	1	0
1	0	0	16
1	0	1	15
>Pph13_Cell_FBgn0023489
10	4	3	4
6	9	2	4
0	0	0	21
21	0	0	0
21	0	0	0
0	0	0	21
0	1	0	20
13	1	6	1
>Ptx1_Cell_FBgn0020912
0	5	1	14
0	0	0	20
20	0	0	0
20	0	0	0
0	0	0	20
0	20	0	0
0	19	0	1
>Repo_Cell_FBgn0011701
6	3	6	13
1	4	4	19
1	0	0	27
27	0	0	1
28	0	0	0
0	0	0	28
0	0	0	28
21	0	7	0
>Ro_Cell_FBgn0003267
5	4	11	3
1	12	3	7
0	0	0	23
23	0	0	0
23	0	0	0
0	0	0	23
0	0	3	20
19	0	4	0
>Rx_Cell_FBgn0020617
7	5	12	3
3	13	0	11
0	0	0	27
27	0	0	0
27	0	0	0
0	0	0	27
0	0	0	27
17	0	10	0
>Scr_Cell_FBgn0003339
5	14	1	5
8	5	9	3
3	7	0	15
0	0	0	25
25	0	0	0
25	0	0	0
0	0	0	25
0	0	18	7
23	0	2	0
>Six4_Cell_FBgn0027364
10	2	2	6
4	2	3	11
6	2	3	9
0	0	0	20
0	0	20	0
20	0	0	0
0	7	4	9
20	0	0	0
1	19	0	0
>Slou_Cell_FBgn0002941
2	3	6	11
3	5	1	13
0	1	0	21
22	0	0	0
21	0	1	0
0	0	0	22
2	1	5	14
11	0	11	0
>So_Cell_FBgn0003460
12	4	5	6
13	1	10	3
0	0	1	26
0	0	27	0
27	0	0	0
0	0	1	26
27	0	0	0
>Tin_Cell_FBgn0004110
0	9	3	4
1	0	0	15
0	11	1	4
16	0	0	0
16	0	0	0
0	0	16	0
0	0	0	16
3	0	13	0
>Tup_Cell_FBgn0003896
1	9	5	1
5	1	1	9
1	1	0	14
15	0	0	1
16	0	0	0
1	0	2	13
1	0	6	9
2	0	14	0
>Ubx_Cell_FBgn0003944
3	5	3	9
0	0	0	20
0	0	0	20
17	0	0	3
20	0	0	0
0	0	0	20
0	0	6	14
14	0	6	0
>Unc4_Cell_FBgn0024184
2	9	5	5
1	5	2	13
0	0	0	21
21	0	0	0
21	0	0	0
0	0	0	21
1	0	0	20
6	1	14	0
>Unpg_Cell_FBgn0015561
5	10	3	3
1	6	4	10
1	0	0	20
21	0	0	0
21	0	0	0
0	0	0	21
0	0	2	19
14	0	7	0
>Vis_Cell_FBgn0033748
0	0	0	22
0	0	22	0
22	0	0	0
0	22	0	0
22	0	0	0
>Vnd_Cell_FBgn0003986
4	0	2	13
1	8	1	9
0	0	0	19
0	15	2	2
19	0	0	0
19	0	0	0
0	0	19	0
2	0	0	17
9	0	10	0
>Zen_Cell_FBgn0004053
3	5	4	4
2	8	4	2
2	9	0	5
0	0	0	16
16	0	0	0
16	0	0	0
0	0	0	16
0	0	11	5
16	0	0	0
>Zen2_Cell_FBgn0004054
4	7	2	13
7	9	6	4
3	7	5	11
1	0	0	25
26	0	0	0
26	0	0	0
0	1	0	25
0	0	10	16
22	0	4	0
>CG11085_Cell_FBgn0030408
2	4	2	5
0	3	0	10
0	0	0	13
13	0	0	0
13	0	0	0
1	0	0	12
2	1	2	8
1	0	12	0
2	4	6	1
>CG11294_Cell_FBgn0030058
0	3	0	12
0	2	0	13
15	0	0	0
15	0	0	0
0	0	0	15
0	0	0	15
15	0	0	0
>CG11617_Cell_FBgn0031232
7	0	3	7
2	0	1	14
1	0	0	16
0	0	0	17
10	0	3	4
17	0	0	0
0	17	0	0
17	0	0	0
>CG12361_Cell_FBgn0250756
2	2	3	9
2	0	0	14
2	0	0	14
6	0	2	8
16	0	0	0
0	0	0	16
0	2	6	8
13	0	3	0
>CG13424_Cell_FBgn0034520
6	5	4	6
2	7	1	11
0	0	0	21
21	0	0	0
21	0	0	0
0	0	0	21
3	0	4	14
8	0	13	0
>CG15696_Cell_FBgn0038833
3	7	8	14
2	3	3	24
2	3	0	27
21	0	6	5
32	0	0	0
0	0	0	32
0	0	2	30
16	0	16	0
>CG18599_Cell_FBgn0038592
4	10	1	10
0	0	0	25
25	0	0	0
25	0	0	0
0	0	0	25
0	1	8	16
23	0	2	0
>CG32105_Cell_FBgn0052105
9	1	0	9
2	4	0	13
2	0	0	17
17	0	0	2
19	0	0	0
0	0	1	18
0	0	1	18
15	0	4	0
6	4	9	0
>CG32532_Cell_FBgn0052532
2	6	2	13
0	0	0	23
23	0	0	0
23	0	0	0
0	0	0	23
0	0	2	21
12	0	10	1
>CG33980_Cell_FBgn0053980
1	1	5	6
2	2	0	9
0	0	0	13
13	0	0	0
13	0	0	0
0	0	0	13
0	0	0	13
10	0	3	0
1	2	10	0
>CG34031_Cell_FBgn0054031
2	4	4	15
0	1	1	23
0	0	0	25
22	0	0	3
25	0	0	0
2	0	0	23
7	0	1	17
3	0	22	0
>CG4136_Cell_FBgn0029775
1	8	1	12
0	0	0	22
22	0	0	0
22	0	0	0
0	0	0	22
2	0	3	17
15	0	6	1
>CG4328_Cell_FBgn0036274
12	6	4	8
12	2	3	13
7	1	0	22
13	0	0	17
30	0	0	0
0	0	0	30
0	0	6	24
15	0	15	0
>CG7056_Cell_FBgn0038852
7	3	2	14
0	7	0	19
0	6	7	13
21	0	2	3
26	0	0	0
0	3	3	20
7	0	1	18
22	0	4	0
>CG9876_Cell_FBgn0034821
11	2	4	3
2	9	3	6
0	0	0	20
18	0	0	2
20	0	0	0
0	0	0	20
0	0	1	19
14	0	6	0
>bcd_NAR_FBgn0000166
2	6	2	9
4	2	0	13
18	0	0	1
19	0	0	0
1	0	5	13
0	17	0	2
0	9	0	10
>Blimp-1_NAR_FBgn0035625
4	0	8	0
11	0	0	1
10	1	1	0
12	0	0	0
1	0	11	0
0	2	1	9
0	0	12	0
12	0	0	0
11	0	1	0
12	0	0	0
1	0	11	0
0	3	0	9
>btd_NAR_FBgn0000233
14	3	7	5
10	0	19	0
4	0	18	7
2	0	27	0
0	0	29	0
0	0	29	0
2	27	0	0
0	0	29	0
0	0	20	9
15	1	9	4
>D_NAR_FBgn0000411
20	2	1	11
9	6	11	8
22	3	8	1
34	0	0	0
0	34	0	0
31	3	0	0
30	0	4	0
8	0	0	26
12	0	18	4
5	1	28	0
16	9	8	1
>fkh_NAR_FBgn0000659
3	0	0	24
5	0	22	0
0	0	0	27
0	0	0	27
0	0	1	26
13	0	14	0
4	13	2	8
6	7	3	11
0	11	2	14
23	0	1	3
15	4	4	4
>gt_NAR_FBgn0001150
2	10	8	9
0	8	13	8
6	7	10	6
2	3	4	20
14	0	15	0
0	0	0	29
0	0	0	29
24	0	5	0
0	29	0	0
5	0	24	0
0	1	0	28
26	3	0	0
29	0	0	0
0	10	5	14
>h_NAR_FBgn0001168
0	1	17	0
3	4	6	5
0	18	0	0
12	0	6	0
0	18	0	0
1	0	17	0
0	5	0	13
0	0	18	0
2	13	3	0
0	18	0	0
>hb_NAR_FBgn0001180
0	19	3	4
25	0	1	0
21	5	0	0
26	0	0	0
26	0	0	0
26	0	0	0
26	0	0	0
25	1	0	0
12	10	0	4
12	11	3	0
>hkb_NAR_FBgn0001204
3	0	18	11
8	0	24	0
0	0	32	0
0	0	32	0
0	32	0	0
0	0	32	0
0	0	3	29
0	0	31	1
24	3	2	3
>kni_NAR_FBgn0001320
19	1	2	4
25	1	0	0
16	0	0	10
5	9	6	6
0	4	1	21
21	0	5	0
0	0	26	0
17	0	8	1
1	3	18	4
0	26	0	0
25	0	1	0
5	12	7	2
>Kr_NAR_FBgn0001325
3	17	5	6
11	4	10	6
24	0	7	0
30	0	0	1
18	6	7	0
0	0	31	0
2	0	29	0
2	0	29	0
0	1	7	23
4	0	5	22
20	4	3	4
>nub_NAR_FBgn0085424
2	1	1	25
29	0	0	0
0	0	0	29
0	0	25	4
0	19	1	9
24	0	0	5
28	0	1	0
28	0	0	1
4	1	0	24
6	5	8	10
19	5	1	4
4	3	15	7
>odd_NAR_FBgn0002985
7	5	0	3
10	5	0	0
0	14	1	0
12	0	3	0
0	0	15	0
0	0	0	15
15	0	0	0
0	0	15	0
0	15	0	0
11	3	1	0
5	4	6	0
>opa_NAR_FBgn0003002
0	1	15	2
10	7	1	0
1	16	0	1
1	15	1	1
0	16	1	1
0	18	0	0
0	18	0	0
0	14	0	4
4	0	13	1
0	14	2	2
3	1	4	10
2	0	16	0
>prd_NAR_FBgn0003145
5	6	4	15
3	14	4	9
8	16	3	3
0	1	25	4
4	0	0	26
0	27	0	3
28	1	0	1
0	30	0	0
2	0	28	0
0	18	12	0
5	8	0	17
>slp1_NAR_FBgn0003430
8	3	14	16
0	0	0	41
3	0	38	0
0	0	0	41
0	0	1	40
0	0	2	39
27	0	4	10
1	22	7	11
17	8	15	1
4	13	3	21
15	3	4	19
>tll_NAR_FBgn0003720
20	4	4	5
29	0	4	0
33	0	0	0
31	1	1	0
0	0	33	0
0	2	0	31
0	33	0	0
33	0	0	0
31	0	1	1
17	10	2	4
>ttk_NAR_FBgn0003870
10	8	3	1
22	0	0	0
0	0	22	0
0	0	22	0
22	0	0	0
0	5	0	17
21	0	0	1
22	0	0	0
1	5	3	13
>odd_NBT_1.5_FBgn0002985
2	1	19	0
0	20	2	0
2	0	0	20
16	0	0	6
0	22	0	0
0	10	0	12
0	0	21	1
3	2	11	6
10	2	2	8
>odd_NBT_2.5_FBgn0002985
0	0	24	0
0	24	0	0
0	0	0	24
22	0	0	2
0	23	0	1
0	12	0	12
0	0	23	1
2	0	10	12
9	1	6	8
>odd_NBT_5_FBgn0002985
0	0	23	0
0	23	0	0
0	0	0	23
23	0	0	0
0	23	0	0
0	5	0	18
0	0	23	0
1	0	6	16
9	0	5	9
>dl_NBT_FBgn0000462
0	0	32	0
0	0	32	0
2	0	24	6
18	0	0	14
18	0	0	14
8	0	0	24
2	8	0	22
0	32	0	0
0	30	0	2
7	20	5	0
>run_Bgb_NBT_FBgn0003300
13	3	0	15
28	0	2	1
29	0	2	0
0	31	0	0
0	30	1	0
7	1	23	0
0	31	0	0
30	0	0	1
22	0	9	0
>Abd-A_FlyReg_FBgn0000014
5	2	13	17
10	15	3	9
22	15	0	0
36	0	0	1
0	0	0	37
11	2	0	24
33	1	0	3
18	2	4	13
>Abd-B_FlyReg_FBgn0000015
1	2	0	4
1	5	1	0
6	0	1	0
0	0	0	7
7	0	0	0
7	0	0	0
6	0	0	1
5	0	1	1
>Adf1_FlyReg_FBgn0000054
1	6	0	0
0	0	7	0
5	0	2	0
0	6	0	1
0	4	0	3
0	0	7	0
0	7	0	0
2	0	5	0
>Aef1_FlyReg_FBgn0005694
0	3	0	0
3	0	0	0
3	0	0	0
0	3	0	0
2	0	0	1
3	0	0	0
0	3	0	0
2	0	0	1
>Antp_FlyReg_FBgn0000095
8	0	0	4
0	0	0	12
11	0	1	0
12	0	0	0
0	0	3	9
3	0	0	9
>ap_FlyReg_FBgn0000099
1	4	2	5
12	0	0	0
12	0	0	0
0	1	1	10
4	3	1	4
11	0	1	0
>bab1_FlyReg_FBgn0004870
1	0	0	5
6	0	0	0
0	0	0	6
2	0	0	4
4	0	1	1
2	0	0	4
0	0	0	6
3	0	3	0
0	0	0	6
0	0	1	5
>bcd_FlyReg_FBgn0000166
9	18	3	18
8	3	1	36
45	1	1	1
47	0	1	0
1	0	16	31
1	44	0	3
2	26	3	17
5	12	18	13
>bin_FlyReg_FBgn0045759
0	0	0	5
4	0	0	1
4	0	0	1
4	1	0	0
0	5	0	0
5	0	0	0
3	0	2	0
2	2	1	0
0	0	5	0
4	0	1	0
>brk_FlyReg_FBgn0024250
1	5	4	0
0	4	0	6
0	0	10	0
0	0	10	0
0	10	0	0
1	0	9	0
1	8	0	1
0	5	1	4
>br-Z1_FlyReg_FBgn0000210
12	0	2	3
12	2	3	0
9	0	0	8
0	3	0	14
14	0	2	1
1	4	9	3
11	3	2	1
16	1	0	0
>br-Z2_FlyReg_FBgn0000210
7	3	1	10
0	15	4	2
0	0	0	21
21	0	0	0
1	0	5	15
2	5	5	9
12	1	1	7
11	4	1	5
>br-Z3_FlyReg_FBgn0000210
7	3	3	3
12	1	0	3
10	0	6	0
1	11	0	4
0	0	1	15
7	0	3	6
0	0	10	6
0	0	1	15
>br-Z4_FlyReg_FBgn0000210
5	0	3	0
2	5	0	1
1	0	0	7
8	0	0	0
8	0	0	0
1	0	0	7
>byn_FlyReg_FBgn0011723
8	0	0	1
4	0	2	3
0	0	8	1
0	1	0	8
0	0	9	0
1	7	0	1
3	0	4	2
7	0	0	2
>cad_FlyReg_FBgn0000251
0	5	3	5
2	0	3	8
0	0	0	13
1	0	0	12
6	2	1	4
0	4	3	6
3	1	9	0
7	3	2	1
0	4	0	9
>Cf2-II_FlyReg_FBgn0000286
1	0	2	0
1	1	0	1
0	0	3	0
0	0	0	3
3	0	0	0
0	0	0	3
3	0	0	0
2	0	0	1
>Deaf1_FlyReg_FBgn0013799
0	3	0	7
0	0	0	10
0	10	0	0
0	0	10	0
0	0	5	5
1	3	4	2
>Dfd_FlyReg_FBgn0000439
1	2	2	11
1	0	0	15
15	1	0	0
15	1	0	0
0	0	0	16
1	0	5	10
8	0	6	2
0	5	2	9
>dl_FlyReg_FBgn0000462
2	8	22	6
8	4	26	0
3	0	34	1
33	1	4	0
34	2	0	2
36	0	1	1
24	1	2	11
4	12	3	19
8	23	2	5
8	24	4	2
>Dref_FlyReg_FBgn0015664
3	0	1	4
2	2	2	2
4	0	0	4
0	0	0	8
8	0	0	0
0	0	0	8
0	8	0	0
0	0	8	0
6	2	0	0
2	1	0	5
5	1	1	1
4	1	3	0
>dsx-F_FlyReg_FBgn0000504
0	3	0	0
0	0	0	3
2	0	1	0
0	3	0	0
2	0	0	1
3	0	0	0
2	0	0	1
0	0	3	0
0	0	0	3
0	1	1	1
2	0	1	0
0	1	0	2
1	1	0	1
3	0	0	0
>dsx-M_FlyReg_FBgn0000504
0	3	0	0
0	0	0	3
2	0	1	0
0	3	0	0
2	0	0	1
3	0	0	0
2	0	0	1
0	0	3	0
0	0	0	3
0	1	1	1
2	0	1	0
0	1	0	2
1	1	0	1
3	0	0	0
>Eip74EF_FlyReg_FBgn0000567
6	0	1	1
2	5	0	1
0	0	0	8
0	0	0	8
0	7	1	0
0	7	0	1
0	0	2	6
0	0	5	3
2	0	2	4
2	0	1	5
>ems_FlyReg_FBgn0000576
0	0	1	2
1	0	1	1
3	0	0	0
0	0	0	3
0	0	2	1
3	0	0	0
0	2	1	0
3	0	0	0
>en_FlyReg_FBgn0000577
20	3	18	12
5	15	12	21
7	7	0	39
38	0	4	11
52	0	0	1
0	2	2	49
0	6	14	33
27	0	26	0
>Espl_FlyReg_FBgn0000591
0	1	0	3
0	0	3	1
0	0	0	4
0	0	4	0
1	2	1	0
0	4	0	0
1	1	1	1
0	2	1	1
0	1	3	0
0	0	0	4
0	0	4	0
0	3	1	0
>eve_FlyReg_FBgn0000606
6	8	0	5
0	3	10	6
2	5	3	9
3	0	0	16
16	0	2	1
19	0	0	0
0	5	0	14
3	4	5	7
7	0	6	6
3	0	2	14
1	0	7	11
0	6	1	12
>exd_FlyReg_FBgn0000611
0	0	1	5
1	0	0	5
0	0	0	6
1	2	1	2
2	0	3	1
3	0	0	3
1	1	1	3
0	2	1	3
2	0	0	4
3	1	1	1
>ey_FlyReg_FBgn0005558
0	2	0	1
0	2	0	1
0	3	0	0
2	1	0	0
0	3	0	0
0	0	0	3
0	3	0	0
3	0	0	0
0	2	0	1
0	0	1	2
0	1	1	1
0	0	3	0
0	0	2	1
0	2	1	0
2	0	0	1
1	1	1	0
3	0	0	0
2	1	0	0
>ftz-f1_FlyReg_FBgn0001078
0	0	2	1
0	3	0	0
1	0	2	0
0	0	3	0
0	1	0	2
0	0	3	0
2	0	0	1
0	3	0	0
0	3	0	0
0	0	0	3
0	0	0	3
0	2	1	0
1	0	2	0
1	0	2	0
2	1	0	0
0	2	0	1
0	0	1	2
0	0	2	1
>ftz_FlyReg_FBgn0001077
19	4	31	12
16	14	22	14
7	40	6	13
39	25	0	2
56	9	0	1
6	0	0	60
11	7	2	46
54	3	3	6
>gl_FlyReg_FBgn0004618
5	0	0	0
0	0	1	4
0	0	0	5
0	0	1	4
1	2	2	0
4	1	0	0
3	0	0	2
0	0	4	1
1	1	2	1
3	0	2	0
0	0	0	5
2	1	0	2
>grh_FlyReg_FBgn0259211
2	6	0	0
0	1	0	7
0	0	6	2
1	0	6	1
0	1	0	7
0	0	0	8
0	3	1	4
2	1	1	4
3	2	3	0
1	3	0	4
>gt_FlyReg_FBgn0001150
3	0	0	5
0	0	1	7
5	0	2	1
0	0	0	8
0	0	5	3
6	2	0	0
0	5	2	1
0	0	4	4
0	3	0	5
5	0	0	3
5	1	0	2
2	0	1	5
>hb_FlyReg_FBgn0001180
17	13	7	66
0	0	3	100
1	5	1	96
0	1	0	102
0	0	0	103
1	4	0	98
59	7	29	8
20	17	14	52
>HLHm5_FlyReg_FBgn0002631
0	1	2	0
0	3	0	0
3	0	0	0
0	3	0	0
0	0	3	0
1	1	0	1
0	0	3	0
1	1	0	1
0	3	0	0
3	0	0	0
>Hr46_FlyReg_FBgn0000448
3	0	0	0
2	0	0	1
0	0	1	2
0	0	0	3
0	0	3	0
0	0	3	0
0	0	3	0
0	0	0	3
0	2	0	1
2	0	0	1
>Hsf_FlyReg_FBgn0001222
0	0	0	5
0	5	0	0
0	0	2	3
3	2	0	0
0	0	5	0
4	0	0	1
4	0	0	1
1	1	2	1
2	1	0	2
0	0	0	5
0	0	0	5
0	5	0	0
0	0	3	2
3	2	0	0
>kni_FlyReg_FBgn0001320
1	1	18	0
11	1	2	6
3	3	5	9
0	19	0	1
0	5	6	9
7	11	1	1
8	4	4	4
6	2	2	10
0	1	1	18
1	5	1	13
>Kr_FlyReg_FBgn0001325
37	0	4	3
33	6	1	4
20	11	9	4
2	0	40	2
4	1	37	2
6	3	35	0
1	3	4	36
8	4	4	28
28	6	5	5
16	8	5	15
>Mad_FlyReg_FBgn0011648
1	12	5	2
1	5	7	7
3	0	16	1
3	8	8	1
0	16	1	3
0	0	20	0
6	2	6	6
0	15	4	1
5	0	15	0
1	15	0	4
>Med_FlyReg_FBgn0011655
0	1	5	2
0	7	0	1
0	0	8	0
1	2	3	2
0	8	0	0
2	0	3	3
0	0	5	3
0	1	4	3
1	4	3	0
3	2	1	2
3	1	3	1
0	1	1	6
>nub_FlyReg_FBgn0085424
1	0	0	3
0	0	0	4
3	0	0	1
0	0	0	4
1	1	2	0
0	3	0	1
4	0	0	0
2	0	1	1
0	0	4	0
0	2	1	1
>ovo_FlyReg_FBgn0003028
0	12	0	0
3	6	0	3
0	0	12	0
0	1	0	11
0	0	0	12
11	0	1	0
2	7	1	2
5	2	0	5
>pan_FlyReg_FBgn0085432
4	10	3	8
2	3	0	20
2	0	1	22
2	0	0	23
0	2	20	3
17	0	5	3
8	0	0	17
7	11	3	4
>pho_FlyReg_FBgn0002521
2	0	3	0
0	3	2	0
1	2	1	1
1	0	3	1
0	0	1	4
1	1	0	3
4	0	1	0
0	0	0	5
0	0	5	0
0	0	5	0
0	5	0	0
0	1	1	3
1	1	1	2
2	3	0	0
>prd_FlyReg_FBgn0003145
2	9	0	0
5	5	1	0
9	0	2	0
0	0	0	11
1	0	2	8
8	1	0	2
2	7	0	2
2	4	4	1
>sd_FlyReg_FBgn0003345
3	0	8	3
8	1	1	4
4	8	1	1
14	0	0	0
1	1	0	12
3	0	1	10
0	8	0	6
3	5	3	3
4	1	2	7
5	6	3	0
5	1	7	1
4	3	4	3
>slbo_FlyReg_FBgn0005638
9	1	1	1
0	1	0	11
0	0	3	9
3	2	7	0
2	10	0	0
7	2	2	1
6	5	1	0
11	1	0	0
>sna_FlyReg_FBgn0003448
0	7	3	1
4	5	1	1
10	1	0	0
1	10	0	0
1	5	0	5
0	0	0	11
0	0	10	1
1	6	0	4
0	2	2	7
3	2	3	3
>srp_FlyReg_FBgn0003507
0	2	1	1
0	0	0	4
3	1	0	0
1	0	0	3
0	3	1	0
0	0	4	0
1	1	2	0
0	1	0	3
2	0	0	2
0	0	4	0
3	1	0	0
0	1	1	2
>SuH_FlyReg_FBgn0004837
1	0	0	2
2	0	1	0
0	0	3	0
0	0	0	3
0	0	0	3
0	2	0	1
0	1	0	2
0	3	0	0
3	0	0	0
1	2	0	0
1	1	1	0
1	0	0	2
0	0	0	3
0	2	1	0
>suHw_FlyReg_FBgn0003567
2	0	4	0
2	0	4	0
1	0	5	0
0	0	0	6
6	0	0	0
0	0	0	6
0	0	6	0
0	6	0	0
6	0	0	0
5	0	1	0
0	3	0	3
1	0	5	0
2	1	0	3
4	0	0	2
2	0	0	4
3	0	0	3
0	0	0	6
0	0	1	5
>tin_FlyReg_FBgn0004110
0	2	3	6
0	8	2	1
0	1	0	10
0	8	1	2
11	0	0	0
11	0	0	0
0	0	11	0
0	0	1	10
0	0	11	0
1	4	6	0
2	5	3	1
2	3	3	3
>tll_FlyReg_FBgn0003720
25	2	6	4
26	3	7	1
27	0	8	2
8	1	27	1
0	1	0	36
1	20	1	15
28	2	7	0
>toy_FlyReg_FBgn0019650
0	5	0	0
1	4	0	0
2	2	1	0
1	4	0	0
0	0	0	5
0	5	0	0
5	0	0	0
0	3	0	2
0	1	1	3
0	3	2	0
3	0	2	0
0	1	1	3
>Trl_FlyReg_FBgn0013263
4	22	9	36
6	23	11	31
12	6	30	23
0	64	3	4
3	0	14	54
1	70	0	0
13	0	2	56
5	54	7	5
7	13	11	40
9	33	10	19
>ttk_FlyReg_FBgn0003870
2	1	4	0
0	4	2	1
3	4	0	0
6	0	1	0
0	0	7	0
0	0	7	0
7	0	0	0
0	5	0	2
3	4	0	0
1	1	0	5
0	3	1	3
0	2	3	2
>twi_FlyReg_FBgn0003900
1	4	3	7
3	7	3	2
1	3	10	1
0	14	1	0
11	3	1	0
0	4	1	10
7	1	5	2
0	0	0	15
0	0	12	3
1	0	2	12
1	2	2	10
2	3	8	2
>Ubx_FlyReg_FBgn0003944
13	26	5	12
31	19	0	6
54	0	0	2
0	0	0	56
3	2	0	51
49	0	0	7
>vnd_FlyReg_FBgn0003986
1	0	2	0
0	3	0	0
2	0	0	1
0	3	0	0
0	0	0	3
0	0	0	3
0	1	2	0
3	0	0	0
1	0	2	0
1	2	0	0
>vvl_FlyReg_FBgn0086680
0	2	0	9
11	0	0	0
2	2	0	7
0	0	6	5
3	8	0	0
11	0	0	0
>zen_FlyReg_FBgn0004053
1	10	1	0
12	0	0	0
3	1	0	8
0	0	0	12
7	0	0	5
10	0	0	2
8	0	0	4
5	3	2	2
2	1	0	9
0	1	2	9
>z_FlyReg_FBgn0004050
11	3	5	22
1	7	3	30
1	0	40	0
41	0	0	0
1	0	40	0
8	10	0	23
2	6	29	4
18	7	11	5
10	5	12	14
14	6	2	19
>AbdA_SOLEXA_FBgn0000014
138	150	142	232
88	93	47	434
10	0	11	641
538	19	7	98
651	5	6	0
5	35	18	604
42	16	302	302
443	0	207	12
>AbdB_SOLEXA_FBgn0000015
619	519	545	1021
344	201	252	1907
61	0	0	2643
1124	33	38	1509
2704	0	0	0
55	630	71	1948
449	62	1301	892
1506	88	845	265
>Achi_SOLEXA_FBgn0033749
74	74	39	181
0	0	0	368
24	0	344	0
368	0	0	0
0	368	0	0
339	0	29	0
>Al_SOLEXA_FBgn0000061
55	102	43	90
79	100	122	78
35	217	9	173
2	0	0	432
424	10	0	0
422	12	0	0
0	0	10	424
5	3	24	402
207	5	108	10
>Antp_SOLEXA_FBgn0000095
326	401	322	513
220	305	133	904
106	0	16	1440
1240	75	15	232
1502	60	0	0
1	117	58	1386
101	52	722	687
907	21	565	69
>Ap_SOLEXA_FBgn0000099
446	991	353	1277
132	72	0	2863
2911	0	51	105
3028	0	39	0
24	338	0	2705
355	178	907	1627
2087	71	846	63
>Ara_SOLEXA_FBgn0015904
155	36	44	78
97	0	45	171
193	0	38	82
313	0	0	0
0	313	0	0
313	0	0	0
>Awh_SOLEXA_FBgn0013751
9	74	12	81
4	0	1	171
163	2	10	1
171	5	0	0
0	7	2	167
3	2	55	116
124	4	46	2
>Bap_SOLEXA_FBgn0004862
55	112	99	66
34	61	25	212
2	0	3	327
330	1	0	1
306	26	0	0
3	2	244	83
17	12	34	269
116	2	214	0
>Bcd_SOLEXA_FBgn0000166
26	61	27	100
22	3	1	189
216	0	0	0
213	3	0	0
0	2	20	194
1	189	3	23
23	112	15	31
>BH1_SOLEXA_FBgn0011758
0	0	0	2484
2484	0	0	0
2484	0	0	0
708	0	67	1709
172	636	212	1464
548	0	1838	98
>BH2_SOLEXA_FBgn0004854
168	212	289	248
182	209	56	470
31	0	0	886
917	0	0	0
917	0	0	0
218	0	34	665
75	261	105	476
263	93	541	20
>Bsh_SOLEXA_FBgn0000529
291	327	176	553
21	0	34	1292
1303	20	8	16
1320	17	10	0
17	180	55	1095
24	205	591	527
779	15	482	71
>Btn_SOLEXA_FBgn0014949
87	132	61	246
5	4	0	517
509	8	5	4
521	4	1	0
0	19	17	490
4	20	245	257
409	0	102	15
>C15_SOLEXA_FBgn0004863
158	206	216	311
128	120	77	566
0	0	0	891
862	0	0	29
891	0	0	0
211	80	56	544
98	64	309	420
565	0	326	0
>Cad_SOLEXA_FBgn0000251
346	246	310	518
128	135	116	1041
180	15	6	1219
638	10	51	721
1420	0	0	0
0	120	33	1267
205	17	397	801
810	22	559	29
>Caup_SOLEXA_FBgn0015919
999	460	626	819
577	201	639	1487
1415	0	511	978
2904	0	0	0
2	2902	0	0
2904	0	0	0
>Ct_SOLEXA_FBgn0004198
60	55	98	112
58	88	79	100
22	142	128	33
10	50	29	236
0	13	29	283
167	0	158	0
325	0	0	0
285	0	6	34
0	325	0	0
>Dfd_SOLEXA_FBgn0000439
346	504	384	356
180	533	211	666
46	5	99	1440
1424	146	13	7
1435	152	3	0
0	87	151	1352
60	55	917	558
965	88	483	54
>Dll_SOLEXA_FBgn0000157
154	10	26	1504
1561	133	0	0
1480	214	0	0
0	0	80	1614
170	201	441	882
760	102	646	186
>Dr_SOLEXA_FBgn0000492
0	0	0	554
495	52	0	7
486	68	0	0
0	0	8	546
0	6	18	530
221	10	306	17
>E5_SOLEXA_FBgn0008646
462	1283	466	1481
378	79	0	3235
3464	0	129	99
3649	0	43	0
238	57	125	3272
697	206	1071	1718
2207	94	1086	305
>Ems_SOLEXA_FBgn0000576
38	187	54	199
11	4	25	438
452	13	9	4
465	13	0	0
8	3	42	425
42	3	145	288
353	9	110	6
>En_SOLEXA_FBgn0000577
255	376	213	830
178	20	0	1476
1261	0	211	202
1674	0	0	0
3	0	0	1671
88	15	259	1312
993	0	681	0
>Eve_SOLEXA_FBgn0000606
63	75	92	50
14	109	22	135
0	0	12	268
275	5	0	0
268	8	0	4
0	12	10	258
6	28	94	152
210	9	56	5
>Exd_SOLEXA_FBgn0000611
258	152	207	266
160	172	143	408
134	40	168	541
0	0	0	883
0	0	883	0
883	0	0	0
55	505	0	323
521	26	259	77
>Exex_SOLEXA_FBgn0041156
41	0	0	3507
3548	0	0	0
3548	0	0	0
0	0	0	3548
178	595	891	1884
1707	68	1461	312
>Ftz_SOLEXA_FBgn0001077
34	69	56	188
15	10	26	296
347	0	0	0
347	0	0	0
0	0	45	302
0	5	138	204
270	0	77	0
>Gsc_SOLEXA_FBgn0010323
259	381	211	444
26	17	0	1252
1266	0	11	18
1277	0	18	0
0	14	11	1270
22	1128	19	126
94	705	130	366
>H2.0_SOLEXA_FBgn0001170
164	28	71	262
58	13	31	423
171	2	20	332
500	16	0	9
23	0	53	449
9	39	99	378
312	10	175	28
165	140	146	74
>Hbn_SOLEXA_FBgn0008636
282	381	473	398
222	489	187	636
51	69	115	1299
1461	59	8	6
1483	51	0	0
0	0	212	1322
44	43	250	1197
1013	14	428	79
>Hgtx_SOLEXA_FBgn0040318
189	78	101	213
166	33	51	331
1	11	18	551
488	14	30	49
562	18	1	0
7	6	52	516
60	9	194	318
446	7	116	12
>Hmx_SOLEXA_FBgn0085448
32	47	49	237
0	0	25	340
360	5	0	0
351	14	0	0
0	0	69	296
0	39	61	265
79	0	268	18
>Hth_SOLEXA_FBgn0001235
89	87	120	148
0	0	56	388
0	0	444	0
403	41	0	0
0	444	0	0
344	60	40	0
>Lab_SOLEXA_FBgn0002522
105	236	93	511
24	0	0	921
807	0	49	89
945	0	0	0
0	0	0	945
32	38	309	566
718	0	227	0
>Lag1_SOLEXA_FBgn0040918
1	221	0	1
3	72	0	148
186	32	5	0
2	197	0	24
19	124	9	71
206	0	9	8
128	16	38	41
108	31	12	72
75	11	20	117
34	44	14	131
>Lbe_SOLEXA_FBgn0011278
36	92	31	143
14	0	13	275
292	10	0	0
302	0	0	0
0	105	25	172
33	70	81	118
248	12	42	0
>Lbl_SOLEXA_FBgn0008651
191	260	315	219
190	288	62	445
20	51	0	914
983	0	0	2
985	0	0	0
39	245	37	664
120	203	240	422
715	69	174	27
>Lim1_SOLEXA_FBgn0026411
158	276	99	535
47	55	0	966
1023	0	30	15
1068	0	0	0
5	8	0	1055
31	13	84	940
781	2	266	19
>Lim3_SOLEXA_FBgn0002023
59	106	42	187
36	5	7	346
272	38	76	8
357	37	0	0
0	0	12	382
12	7	58	317
264	26	94	10
>Mirr_SOLEXA_FBgn0014343
550	158	327	380
410	93	282	630
782	0	204	429
1415	0	0	0
0	1415	0	0
1415	0	0	0
>NK7.1_SOLEXA_FBgn0024321
150	260	162	723
53	12	81	1149
1200	80	0	15
1227	68	0	0
83	0	205	1007
225	43	301	726
509	13	737	36
>Oc_SOLEXA_FBgn0004102
98	171	77	200
12	0	24	510
514	26	0	6
494	52	0	0
0	0	51	495
3	508	0	35
23	334	18	96
36	116	89	56
>Odsh_SOLEXA_FBgn0026058
205	289	326	250
175	287	120	488
21	12	0	1037
1048	0	12	10
1070	0	0	0
0	8	6	1056
36	9	92	933
497	16	495	62
>onecut_SOLEXA_FBgn0028996
42	81	74	87
13	33	37	201
0	0	22	262
95	5	184	0
266	18	0	0
0	0	12	272
0	4	31	249
165	3	75	41
>Optix_SOLEXA_FBgn0025360
204	91	126	143
183	111	119	151
139	93	216	116
0	67	0	497
0	0	564	0
564	0	0	0
0	0	0	564
504	43	17	0
>Otp_SOLEXA_FBgn0015524
70	198	52	246
7	2	4	553
551	6	5	4
551	11	4	0
4	6	6	550
20	25	60	461
370	2	179	15
>Pb_SOLEXA_FBgn0051481
23	67	24	106
5	4	0	211
215	3	1	1
220	0	0	0
1	2	0	217
0	3	106	111
176	0	34	10
>PhdP_SOLEXA_FBgn0025334
101	227	67	365
17	0	0	743
745	0	0	15
760	0	0	0
0	0	0	760
37	20	52	651
>Pph13_SOLEXA_FBgn0023489
59	179	26	234
3	3	3	489
495	1	0	2
495	1	0	2
0	2	3	493
15	11	23	449
297	15	154	32
>Ptx1_SOLEXA_FBgn0020912
71	87	139	65
52	110	14	186
3	11	0	348
359	0	3	0
352	4	6	0
0	4	3	355
0	361	0	1
4	329	6	23
>Repo_SOLEXA_FBgn0011701
81	172	46	522
34	17	0	770
768	0	7	46
821	0	0	0
0	0	0	821
18	13	93	697
507	36	267	11
>Ro_SOLEXA_FBgn0003267
62	95	36	135
3	0	0	325
319	2	2	5
327	0	1	0
2	0	1	325
1	5	50	272
231	2	94	1
>Rx_SOLEXA_FBgn0020617
148	294	91	412
8	13	0	924
909	18	3	15
937	0	8	0
3	1	7	934
16	21	48	860
562	18	323	42
>Scr_SOLEXA_FBgn0003339
180	357	124	749
55	0	0	1355
1276	0	0	134
1410	0	0	0
0	88	0	1322
103	25	701	581
867	49	445	49
>Six4_SOLEXA_FBgn0027364
247	93	116	181
260	91	83	203
192	84	167	194
0	38	0	599
43	0	556	38
637	0	0	0
0	128	126	383
597	40	0	0
>Slou_SOLEXA_FBgn0002941
231	347	127	546
32	26	0	1193
1229	0	9	13
1236	0	15	0
48	2	10	1191
133	109	274	735
656	25	534	36
>So_SOLEXA_FBgn0003460
168	102	95	166
157	92	117	165
171	87	151	122
2	58	4	467
12	0	519	0
531	0	0	0
0	8	14	509
531	0	0	0
>Tin_SOLEXA_FBgn0004110
181	563	346	550
282	232	49	1077
56	688	127	769
1520	0	120	0
1640	0	0	0
0	0	1379	261
202	40	136	1262
657	0	976	7
>Tup_SOLEXA_FBgn0003896
31	141	18	191
11	0	0	370
381	0	0	0
381	0	0	0
0	0	36	345
13	0	164	204
128	7	227	19
>Ubx_SOLEXA_FBgn0003944
53	45	49	119
29	18	8	211
6	0	2	258
199	0	0	67
263	0	3	0
0	23	0	243
15	4	130	117
190	0	70	6
>Unc4_SOLEXA_FBgn0024184
181	308	222	249
131	298	113	418
20	7	8	925
943	11	2	4
953	7	0	0
0	14	28	918
35	20	85	820
458	14	428	60
>Unpg_SOLEXA_FBgn0015561
159	295	113	345
34	0	2	876
899	3	7	3
899	6	7	0
0	0	10	902
10	46	138	718
514	9	382	7
>Vis_SOLEXA_FBgn0033748
68	53	34	199
0	0	0	354
0	0	341	13
354	0	0	0
0	354	0	0
318	0	36	0
>Vnd_SOLEXA_FBgn0003986
117	402	247	402
173	64	12	919
25	557	210	376
958	17	191	2
1117	42	5	4
3	7	1138	20
214	24	78	852
469	2	683	14
>Zen_SOLEXA_FBgn0004053
92	134	112	83
41	160	38	182
16	2	0	403
410	11	0	0
412	9	0	0
0	9	0	412
5	2	210	204
376	3	42	0
>Zen2_SOLEXA_FBgn0004054
149	395	130	574
90	0	0	1158
1207	0	28	13
1248	0	0	0
3	81	0	1164
59	2	577	610
924	0	312	12
>CG11085_SOLEXA_FBgn0030408
69	119	104	131
90	92	37	204
10	2	1	410
396	0	2	25
422	0	1	0
141	0	32	250
35	118	74	196
93	3	274	53
70	121	161	71
67	147	60	149
>CG11294_SOLEXA_FBgn0030058
92	160	70	262
9	11	0	564
579	2	2	1
583	1	0	0
0	0	10	574
19	19	41	505
356	20	169	39
>CG11617_SOLEXA_FBgn0031232
370	201	211	377
281	262	257	359
352	176	176	455
133	167	20	839
483	0	283	393
1159	0	0	0
7	1152	0	0
1148	2	9	0
>CG12361_SOLEXA_FBgn0250756
179	132	103	309
119	69	29	506
42	10	0	671
429	9	44	241
706	0	17	0
4	10	0	709
62	14	250	397
459	15	231	18
>CG13424_SOLEXA_FBgn0034520
25	75	20	164
0	0	0	284
284	0	0	0
284	0	0	0
0	0	0	284
30	0	58	196
144	0	140	0
>CG15696_SOLEXA_FBgn0038833
108	125	115	204
74	103	56	319
70	10	11	461
354	0	71	127
549	0	3	0
0	2	11	539
1	1	11	539
233	0	318	1
>CG18599_SOLEXA_FBgn0038592
56	201	46	255
5	0	5	548
526	28	0	4
533	25	0	0
0	5	11	542
44	3	226	285
505	9	44	0
>CG32105_SOLEXA_FBgn0052105
419	416	347	587
325	356	236	852
279	53	13	1424
1163	13	64	529
1753	1	14	1
4	18	80	1667
38	38	246	1447
1277	3	481	8
>CG32532_SOLEXA_FBgn0052532
101	202	68	279
11	0	0	639
631	10	9	0
639	11	0	0
0	3	16	631
37	10	63	540
368	19	234	29
>CG33980_SOLEXA_FBgn0053980
30	32	76	61
38	47	9	105
0	0	0	199
185	0	0	14
199	0	0	0
0	10	0	189
0	7	12	180
131	0	68	0
>CG34031_SOLEXA_FBgn0054031
147	211	212	375
88	152	54	651
0	0	0	945
751	0	0	194
945	0	0	0
142	59	21	723
222	53	164	506
368	0	559	18
>CG4136_SOLEXA_FBgn0029775
100	178	71	284
12	2	3	616
620	4	7	2
632	1	0	0
0	0	11	622
33	14	70	516
376	8	218	31
>CG4328_SOLEXA_FBgn0036274
289	212	182	362
222	158	177	488
217	3	8	817
576	0	40	429
1043	2	0	0
4	0	16	1025
0	5	153	887
715	1	324	5
>CG7056_SOLEXA_FBgn0038852
214	185	145	492
60	353	29	594
22	308	297	409
830	0	141	65
1036	0	0	0
7	139	122	768
282	14	164	576
749	0	287	0
>CG9876_SOLEXA_FBgn0034821
53	91	21	144
4	2	0	303
305	4	0	0
309	0	0	0
0	0	0	309
5	0	15	289
182	7	108	12
>dsf_SANGER_5_FBgn0015381
18	1	2	2
18	0	4	1
23	0	0	0
22	0	0	1
0	0	23	0
0	0	0	23
0	21	0	2
22	0	1	0
11	4	3	5
11	8	0	4
>EcR_SANGER_5_FBgn0000546
9	0	0	5
0	0	0	14
0	0	14	0
14	0	0	0
0	13	1	0
0	14	0	0
0	2	0	12
0	7	0	7
>eg_SANGER_5_FBgn0000560
9	1	7	0
12	1	1	3
17	0	0	0
16	0	0	1
3	4	4	6
0	1	1	15
17	0	0	0
0	0	17	0
10	0	7	0
0	1	14	2
0	17	0	0
15	0	2	0
6	7	4	0
>Eip78C_SANGER_5_FBgn0004865
16	0	6	0
0	1	21	0
0	0	22	0
0	0	1	21
0	22	0	0
20	0	2	0
>ERR_SANGER_5_FBgn0035849
7	14	3	0
23	0	0	1
24	0	0	0
0	0	24	0
0	0	24	0
0	0	2	22
0	21	0	3
22	0	2	0
>Hnf4_SANGER_10_FBgn0004914
0	0	0	19
0	0	19	0
18	0	1	0
2	17	0	0
0	19	0	0
0	18	0	1
0	17	0	2
5	4	6	4
2	9	6	2
3	10	6	0
8	2	2	7
12	4	3	0
6	6	4	3
12	5	1	1
9	4	0	6
>Hnf4_SANGER_5_FBgn0004914
3	2	3	11
0	0	2	17
0	0	20	0
20	0	0	0
2	18	0	0
0	20	0	0
0	18	0	2
1	17	0	2
>Hr4_SANGER_5_FBgn0023546
16	0	1	0
17	0	0	0
1	0	16	0
0	0	17	0
0	0	0	17
0	17	0	0
16	1	0	0
>Hr46_SANGER_5_FBgn0000448
0	4	0	17
1	0	20	0
18	0	0	3
0	20	1	0
0	21	0	0
0	5	0	16
12	3	4	2
4	6	5	6
9	0	0	12
4	1	5	11
>Hr78_SANGER_5_FBgn0015239
10	3	1	5
7	3	8	1
15	1	3	0
0	0	19	0
0	0	19	0
0	1	0	18
0	19	0	0
19	0	0	0
>Hr83_SANGER_5_FBgn0037436
11	2	5	0
16	1	1	0
15	0	3	0
2	0	16	0
0	0	0	18
0	18	0	0
18	0	0	0
5	7	3	3
8	5	2	3
5	6	7	0
4	2	2	10
8	3	5	2
0	3	13	2
7	8	0	2
>kni_SANGER_5_FBgn0001320
13	3	6	0
14	1	1	7
23	0	0	0
21	0	0	2
3	7	8	5
0	2	3	18
17	0	6	0
1	0	22	0
13	1	9	0
3	3	12	5
0	23	0	0
23	0	0	0
>svp_SANGER_5_FBgn0003651
10	3	1	0
10	0	4	0
0	0	14	0
0	0	14	0
0	0	0	14
0	14	0	0
13	0	1	0
>usp_SANGER_5_FBgn0003964
11	6	0	4
9	0	12	0
15	0	6	0
0	0	21	0
0	0	21	0
0	0	0	21
0	21	0	0
21	0	0	0
9	7	1	4
>bin_SANGER_5_FBgn0045759
9	0	10	1
0	0	0	20
20	0	0	0
20	0	0	0
20	0	0	0
0	20	0	0
19	0	0	1
>CG16899_SANGER_5_FBgn0037735
6	5	8	0
10	2	8	0
1	2	0	18
21	0	0	0
20	0	0	1
21	0	0	0
0	18	0	3
21	0	0	0
15	2	0	4
>fd64A_SANGER_5_FBgn0004895
3	0	4	13
7	5	6	2
4	3	0	13
20	0	0	0
19	1	0	0
20	0	0	0
0	17	0	3
20	0	0	0
>foxo_SANGER_10_FBgn0038197
0	0	0	20
2	0	18	0
0	0	0	20
0	0	4	16
3	0	1	16
12	0	0	8
1	11	0	8
2	3	12	3
11	3	6	0
>slp2_SANGER_5_FBgn0004567
6	0	12	0
0	1	0	17
18	0	0	0
18	0	0	0
18	0	0	0
0	18	0	0
18	0	0	0
11	3	3	1
>cic_SANGER_5_FBgn0028386
1	10	0	6
0	11	0	7
0	18	0	0
18	0	0	0
0	0	0	18
0	0	0	18
0	10	8	0
18	0	0	0
>Sox14_SANGER_10_FBgn0005612
5	9	6	0
1	7	2	10
0	14	2	4
0	16	0	4
4	0	0	16
0	0	0	20
0	0	0	20
0	0	20	0
0	0	0	20
0	11	2	7
1	15	0	4
>Sox15_SANGER_5_FBgn0005613
12	1	5	3
13	2	2	4
21	0	0	0
0	21	0	0
21	0	0	0
21	0	0	0
3	0	0	18
6	0	14	1
>Atf-2_SANGER_5_FBgn0050420
5	0	3	0
0	1	0	7
0	4	4	0
7	0	0	1
1	7	0	0
0	0	8	0
0	0	0	8
0	8	0	0
7	0	1	0
0	0	0	8
2	5	0	1
>CrebA_SANGER_5_FBgn0004396
1	3	3	13
0	0	20	0
1	13	0	6
0	14	6	0
20	0	0	0
0	20	0	0
0	0	20	0
0	0	0	20
8	6	6	0
11	0	4	5
3	6	5	6
1	14	2	2
>vri_SANGER_5_FBgn0016076
12	4	1	0
0	0	0	18
0	0	1	17
18	0	0	0
0	14	0	4
5	0	13	0
0	4	0	14
14	4	0	0
18	0	0	0
0	13	0	5
9	6	0	2
>ac_da_SANGER_5_FBgn0000022
10	1	7	1
0	19	0	0
19	0	0	0
0	18	1	0
0	19	0	0
0	0	0	19
0	0	19	0
0	15	0	4
>amos_da_SANGER_10_FBgn0003270
13	1	8	1
7	13	0	3
0	23	0	0
23	0	0	0
0	7	1	15
7	16	0	0
0	0	0	23
0	0	23	0
2	9	6	6
2	13	3	5
6	7	10	0
>ase_da_SANGER_10_FBgn0000137
0	22	1	0
23	0	0	0
0	19	1	3
0	23	0	0
0	0	0	23
0	0	23	0
0	17	0	6
>ato_da_SANGER_10_FBgn0010433
8	11	4	0
0	23	0	0
23	0	0	0
0	14	1	8
8	15	0	0
0	0	0	23
0	0	23	0
7	3	3	10
0	19	0	4
11	3	7	2
3	13	2	5
>cato_da_SANGER_10_FBgn0024249
9	11	1	2
11	5	7	0
0	23	0	0
22	0	1	0
2	6	10	5
7	15	1	0
1	0	0	22
0	0	23	0
12	2	3	6
0	19	0	4
>CG33557_da_SANGER_5_FBgn0053557
7	13	3	0
0	23	0	0
19	1	3	0
0	7	12	4
17	6	0	0
0	1	1	21
2	0	18	3
1	3	11	8
5	9	3	6
11	4	8	0
7	10	0	6
6	6	8	3
7	6	8	2
11	10	0	2
5	8	6	4
15	4	0	4
4	9	3	7
10	4	2	7
11	5	4	3
8	9	2	2
14	2	0	1
>Clk_cyc_SANGER_5_FBgn0023076
10	10	0	0
0	20	0	0
18	0	0	2
0	20	0	0
0	0	20	0
0	0	0	20
0	0	20	0
11	3	5	1
>dei_da_SANGER_5_FBgn0008649
13	4	0	0
7	10	0	0
0	17	0	0
17	0	0	0
0	9	0	8
6	11	0	0
0	0	0	17
0	0	17	0
1	0	5	11
5	4	0	8
>dimm_da_SANGER_5_FBgn0023091
1	14	0	4
8	1	10	0
3	15	1	0
0	19	0	0
19	0	0	0
0	0	1	18
19	0	0	0
0	0	0	19
0	0	19	0
0	0	15	4
6	0	4	9
>dm_Max_SANGER_10_FBgn0000472
9	1	12	2
9	8	4	3
0	24	0	0
24	0	0	0
0	24	0	0
1	0	23	0
0	0	0	24
0	0	24	0
1	3	20	0
5	1	5	13
>dys_tgo_SANGER_5_FBgn0039411
15	1	4	3
6	1	16	0
0	1	1	21
0	23	0	0
23	0	0	0
0	23	0	0
0	0	23	0
23	0	0	0
6	8	0	9
4	5	0	14
2	7	2	12
>Fer1_da_SANGER_10_FBgn0037475
11	6	1	5
11	6	6	0
0	23	0	0
23	0	0	0
0	15	8	0
6	14	3	0
0	0	0	23
0	0	23	0
8	3	2	10
0	17	3	3
14	4	4	1
>Fer3_da_SANGER_5_FBgn0037937
2	17	0	0
18	0	1	0
1	5	8	5
3	15	1	0
0	1	0	18
0	0	19	0
3	2	0	14
0	7	4	8
11	4	2	2
3	15	0	1
>HLH4C_da_SANGER_5_FBgn0011277
9	9	5	0
12	3	5	3
11	6	2	4
11	6	1	5
10	6	7	0
0	23	0	0
23	0	0	0
0	21	1	1
1	22	0	0
0	0	0	23
0	1	22	0
9	10	1	3
2	4	11	6
5	10	5	3
3	17	2	1
>HLH54F_da_SANGER_5_FBgn0022740
12	10	1	1
12	10	2	0
0	23	0	1
24	0	0	0
0	24	0	0
0	23	0	1
0	1	2	21
0	0	24	0
0	10	1	13
0	6	3	14
7	7	9	0
>l(1)sc_da_SANGER_5_FBgn0002561
4	0	19	0
0	23	0	0
21	0	1	1
1	0	22	0
0	0	22	1
0	0	0	23
1	0	22	0
>nau_da_SANGER_5_FBgn0002922
0	16	1	0
22	0	0	0
0	22	0	0
0	22	0	0
0	0	0	22
0	0	22	0
0	9	0	13
1	14	1	6
>net_da_SANGER_10_FBgn0002931
10	4	7	1
6	13	3	0
0	22	0	0
22	0	0	0
0	14	2	6
0	22	0	0
0	1	0	21
0	0	22	0
1	4	7	10
>sage_da_SANGER_5_FBgn0037672
12	0	6	5
17	3	3	0
21	2	0	0
16	6	1	0
0	23	0	0
23	0	0	0
0	10	9	4
5	18	0	0
1	1	0	21
0	0	23	0
0	5	2	15
>sc_da_SANGER_10_FBgn0004170
11	5	7	0
0	23	0	0
24	0	0	0
0	21	1	2
0	24	0	0
0	0	0	24
0	0	24	0
0	16	1	7
>tgo_ss_SANGER_5_FBgn0015014
0	1	0	9
0	0	10	0
0	9	0	1
0	1	9	0
0	0	0	10
0	0	10	0
10	0	0	0
0	8	0	2
>ss_tgo_SANGER_10_FBgn0003513
3	0	10	0
0	0	0	13
0	13	0	0
13	0	0	0
0	13	0	0
0	0	13	0
0	13	0	0
10	0	3	0
13	0	0	0
2	2	1	8
0	5	8	0
>tap_da_SANGER_5_FBgn0015550
6	0	11	0
0	4	3	10
7	0	10	0
12	3	2	0
0	17	0	0
17	0	0	0
0	0	6	11
12	3	2	0
0	0	0	17
0	0	15	0
0	2	8	5
>twi_da_SANGER_5_FBgn0003900
12	4	7	0
1	19	2	1
0	22	0	1
23	0	0	0
0	3	16	4
22	0	1	0
0	0	0	23
0	1	22	0
0	2	4	17
0	7	7	8
>crp_SANGER_10_FBgn0001994
7	3	7	0
12	2	1	3
7	7	1	3
0	18	0	0
18	0	0	0
0	0	15	3
4	14	0	0
0	0	0	18
0	0	18	0
16	0	2	0
0	7	1	10
>cwo_SANGER_5_FBgn0259938
5	0	5	0
1	0	0	9
0	10	0	0
9	0	0	1
0	10	0	0
0	0	9	1
0	0	0	10
0	1	9	0
10	0	0	0
0	10	0	0
0	8	1	1
7	1	2	0
>da_SANGER_10_FBgn0000413
3	10	1	9
6	0	17	0
0	23	0	0
23	0	0	0
0	8	15	0
0	3	20	0
0	0	0	23
0	0	23	0
0	4	4	15
1	8	12	2
2	14	0	7
>dpn_SANGER_10_FBgn0010109
2	0	17	0
4	1	13	2
0	20	0	0
14	0	6	0
0	20	0	0
0	0	20	0
0	0	0	20
0	0	20	0
0	14	6	0
0	20	0	0
10	3	7	0
>E(spl)_SANGER_5_FBgn0000591
2	1	11	0
0	14	0	0
14	0	1	0
0	15	0	0
0	0	15	0
1	2	0	12
0	0	15	0
1	11	1	2
0	14	0	1
11	0	4	0
>Fer1_SANGER_5_FBgn0037475
9	2	1	5
1	11	2	3
6	2	8	1
7	6	0	4
0	17	0	0
17	0	0	0
0	3	14	0
0	16	1	0
0	0	0	17
0	0	17	0
17	0	0	0
0	16	0	1
1	0	15	1
>h_SANGER_5_FBgn0001168
0	0	18	0
3	7	8	0
0	18	0	0
18	0	0	0
0	18	0	0
0	0	18	0
0	13	0	5
0	0	18	0
9	9	0	0
0	17	0	0
>Her_SANGER_5_FBgn0030899
5	0	2	12
0	0	17	2
0	0	1	18
1	18	0	0
18	1	0	0
18	0	1	0
5	6	7	1
5	11	0	3
5	8	6	0
>Hey_SANGER_5_FBgn0027788
0	7	0	3
4	4	0	2
3	1	4	2
0	6	4	0
0	7	0	3
0	1	8	1
7	0	3	0
0	10	0	0
9	0	0	1
0	10	0	0
0	0	10	0
0	0	0	10
0	0	10	0
3	4	0	3
2	8	0	0
3	4	3	0
3	7	0	0
>HLH106_SANGER_10_FBgn0015234
22	0	13	0
4	0	0	31
0	35	0	0
35	0	0	0
0	30	2	3
1	0	34	0
0	20	0	15
0	14	20	1
34	0	1	0
0	23	2	10
>HLH4C_SANGER_5_FBgn0011277
4	0	4	0
3	1	4	0
1	7	0	0
0	0	7	1
0	8	0	0
8	0	0	0
0	1	7	0
0	8	0	0
0	0	0	8
0	0	8	0
4	0	4	0
0	0	4	4
1	2	5	0
0	8	0	0
1	5	0	2
>HLHm3_SANGER_5_FBgn0002609
0	18	0	0
21	0	1	0
0	22	0	0
1	0	21	0
1	3	0	18
0	0	22	0
3	14	3	2
0	18	0	4
15	4	1	2
>HLHm5_SANGER_5_FBgn0002631
6	3	9	0
4	2	13	0
0	19	0	0
16	0	2	1
0	19	0	0
0	0	19	0
0	0	0	19
0	0	19	0
0	19	0	0
0	18	0	1
19	0	0	0
>HLHm7_SANGER_5_FBgn0002633
0	1	16	1
0	18	0	0
18	0	1	0
0	19	0	0
0	0	19	0
2	0	0	17
0	0	19	0
0	17	1	1
0	18	1	0
17	1	1	0
12	5	2	0
>HLHmbeta_SANGER_10_FBgn0002733
0	13	0	1
7	0	9	0
0	16	0	0
0	0	16	0
0	0	0	16
0	0	16	0
1	13	2	0
0	12	1	2
>HLHmdelta_SANGER_10_FBgn0002734
4	1	2	16
2	0	21	0
5	1	13	4
0	23	0	0
18	0	3	2
0	22	0	1
0	0	23	0
0	6	0	17
0	0	22	0
>HLHmgamma_SANGER_10_FBgn0002735
1	6	14	0
0	21	0	0
22	0	2	0
0	24	0	0
0	0	24	0
1	5	0	18
0	0	24	0
2	20	0	2
0	22	0	2
16	0	4	3
>nau_SANGER_5_FBgn0002922
13	0	5	0
16	1	1	0
0	17	0	1
18	0	0	0
1	4	12	1
0	15	3	0
0	1	0	17
0	0	18	0
17	0	0	1
0	18	0	0
3	0	13	2
1	12	0	1
>Side_SANGER_5_FBgn0032741
12	0	6	5
17	3	3	0
21	2	0	0
16	6	1	0
0	23	0	0
23	0	0	0
0	10	9	4
5	18	0	0
1	1	0	21
0	0	23	0
0	5	2	15
>acj6_SOLEXA_5_FBgn0000028
508	633	903	820
498	631	881	930
397	723	977	900
372	710	1019	896
350	900	733	1014
714	706	856	721
278	344	425	1950
129	44	2526	298
1400	1447	93	57
2667	91	52	187
43	13	32	2909
1240	256	474	1027
909	525	459	1104
583	483	514	1417
484	274	349	1890
1461	195	597	744
2321	99	301	276
362	257	622	1756
418	395	1257	927
970	498	871	537
425	462	1002	432
>ey_SOLEXA_5_FBgn0005558
18	167	34	137
223	46	152	200
19	242	83	298
23	174	263	182
21	27	444	150
57	12	63	509
47	25	567	3
20	165	20	437
1	131	379	131
13	537	3	89
407	2	231	2
33	99	173	336
1	59	14	565
8	282	337	15
322	0	300	18
217	34	197	192
8	66	545	21
7	304	11	317
28	5	592	15
27	13	151	445
227	10	357	38
462	71	45	57
359	52	166	61
184	93	200	158
122	112	242	160
>gsb-n_SOLEXA_5_FBgn0001147
415	827	587	529
573	605	400	966
1119	515	616	395
425	446	1108	666
949	150	824	722
34	914	1657	40
5	2359	7	272
70	7	2553	14
25	67	225	2328
612	24	1901	108
1737	49	376	483
171	2353	7	114
285	329	818	1213
1556	71	494	232
1482	131	229	187
>gsb_SOLEXA_5_FBgn0001148
534	456	518	692
294	492	824	1073
594	396	844	960
771	229	1240	554
1183	76	1004	531
7	862	1918	7
1	2676	1	115
69	0	2721	3
8	5	156	2625
290	2	2496	6
2508	14	79	193
51	2737	0	6
144	209	1651	790
1251	153	1088	207
1334	231	735	331
>nub_SOLEXA_5_FBgn0085424
560	230	414	521
218	421	90	1150
1979	0	12	0
8	125	58	1800
0	0	1674	317
55	1552	91	293
1501	4	0	486
1413	59	223	296
1850	42	83	16
363	177	168	1228
355	477	405	629
>pdm2_SOLEXA_5_FBgn0004394
314	457	83	1521
2378	20	42	54
15	72	29	2491
4	3	2358	242
74	2251	61	221
2159	8	13	427
1961	39	201	406
2496	20	85	6
358	268	173	1808
377	708	535	882
1114	440	574	359
>pdm3_SOLEXA_5_FBgn0033288
383	673	631	966
136	11	0	2506
2635	0	11	7
2643	10	0	0
5	0	112	2536
161	250	886	1356
1393	364	541	355
218	455	1559	421
323	621	1078	631
465	552	538	1098
687	493	716	757
493	462	926	772
297	551	934	871
282	600	730	1041
644	493	643	873
361	564	972	756
512	558	815	768
517	628	764	744
450	581	802	820
347	543	1076	687
411	611	951	680
506	600	826	721
447	555	920	731
426	555	971	701
490	570	838	746
>Poxm_SOLEXA_5_FBgn0003129
280	248	123	1915
88	1929	81	468
2186	158	83	139
8	1563	45	950
53	22	2491	0
19	1166	1371	10
341	381	475	1369
245	624	327	1370
352	566	1103	545
950	281	840	495
468	554	704	840
215	368	635	1348
259	296	1278	733
475	835	698	558
588	558	554	866
366	570	653	977
524	541	608	893
412	678	637	783
406	499	854	713
>Poxn_SOLEXA_5_FBgn0003130
73	1722	175	164
4	1	2036	130
132	25	0	2798
0	2436	0	519
2698	257	0	0
0	2893	0	62
61	0	2894	0
0	1749	1206	0
234	942	113	1666
>prd_SOLEXA_5_FBgn0003145
704	760	354	866
603	1198	196	796
415	1794	380	289
9	0	2702	167
309	115	7	2447
12	2528	7	331
2766	96	4	12
0	2826	0	52
117	0	2761	0
25	1900	953	0
448	886	172	1372
576	1116	412	774
753	989	609	527
928	717	516	322
>sv_SOLEXA_5_FBgn0005561
546	130	259	96
370	588	609	828
25	756	58	1954
219	1164	1281	129
1175	25	1382	211
802	209	671	1111
10	787	1979	17
0	2379	11	403
289	0	2484	20
76	85	333	2299
931	28	1752	82
2189	68	184	352
447	2169	79	98
387	394	1583	357
323	490	1024	733
>vvl_SOLEXA_5_FBgn0086680
912	234	338	1218
987	321	131	1410
2943	0	0	0
47	23	0	2873
102	1	1644	1196
658	2095	56	134
1868	253	570	252
1008	631	585	719
1378	532	619	414
860	830	512	741
898	825	687	533
947	902	644	450
841	912	744	446
886	869	689	397
726	772	553	420
>CG12361_SOLEXA_2_FBgn0250756
339	296	263	588
283	142	180	954
0	0	0	1692
870	13	183	626
1692	0	0	0
0	0	0	1692
0	0	635	1057
1122	0	570	0
201	289	363	193
>CG13424_SOLEXA_2_FBgn0034520
219	341	225	360
381	447	412	417
234	525	196	770
0	0	0	1725
1725	0	0	0
1725	0	0	0
0	0	0	1725
318	89	393	925
771	7	861	25
209	329	349	228
>CG33980_SOLEXA_2_0_FBgn0053980
46	82	60	74
53	63	53	104
0	0	0	286
286	0	0	0
286	0	0	0
0	0	0	286
0	0	13	273
152	0	134	0
95	20	145	8
55	82	32	80
>exd_SOLEXA_2_FBgn0000611
587	568	458	1025
539	204	598	1314
0	0	0	2672
0	0	2672	0
2672	0	0	0
189	1169	86	1228
1470	14	914	259
474	91	145	483
>lim_SOLEXA_2_FBgn0026411
218	285	400	188
281	296	109	611
61	1	0	1339
1361	0	40	0
1401	0	0	0
0	0	0	1401
61	33	149	1158
852	58	448	43
398	369	373	130
>hth_SOLEXA_2_FBgn0001235
572	586	589	951
618	459	527	1115
50	69	25	2585
0	0	2681	48
2696	0	33	0
86	2621	0	22
2358	40	291	13
216	172	783	322
>inv_SOLEXA_2_FBgn0001269
281	285	308	293
241	289	146	599
97	13	2	1266
1153	3	222	0
1378	0	0	0
0	0	6	1372
51	0	127	1200
757	0	621	0
253	348	442	111
>Six4_SOLEXA_2_FBgn0027364
824	413	695	633
52	204	74	2272
0	0	2488	143
2631	0	0	0
106	257	644	1624
2542	89	0	0
209	1021	58	239
83	377	210	136
>tup_SOLEXA_10_FBgn0003896
526	644	634	615
285	882	283	1018
129	0	0	2339
2442	0	26	0
2468	0	0	0
0	0	373	2095
156	30	1079	1203
734	115	1451	137
575	448	438	202
>zen2_SOLEXA_2_FBgn0004054
443	639	473	679
681	789	731	689
421	986	412	1173
338	12	0	2642
2752	1	216	23
2963	0	3	26
17	271	21	2683
309	195	1383	1105
1803	50	900	162
288	535	320	312
>CG33980_SOLEXA_2_10_FBgn0053980
578	716	735	738
609	845	421	1010
195	22	0	2668
2801	0	84	0
2885	0	0	0
0	73	71	2741
378	275	488	1744
1276	157	834	403
525	352	669	276
>inv_SOLEXA_5_FBgn0001269
160	169	153	159
169	138	47	357
0	0	0	758
670	0	88	0
758	0	0	0
0	0	0	758
0	0	141	617
395	0	318	45
186	162	267	28
>en_SOLEXA_2_FBgn0000577
341	473	383	530
607	672	617	651
498	714	463	1027
536	131	0	2035
2086	0	616	0
2702	0	0	0
0	0	0	2702
241	0	471	1990
1565	42	920	30
425	383	453	255
>ken_SANGER_10_FBgn0011236
9	1	14	0
2	0	22	0
13	2	1	8
0	0	24	0
23	0	0	1
24	0	0	0
24	0	0	0
0	0	24	0
0	4	3	17
>disco_SANGER_5_FBgn0000459
10	1	2	6
12	0	4	4
5	0	8	7
0	0	0	20
1	0	18	0
0	0	0	20
0	20	0	0
18	0	1	1
0	20	0	0
5	14	1	0
>ovo_SANGER_5_FBgn0003028
14	2	2	1
0	0	0	19
19	0	0	0
19	0	0	0
0	19	0	0
0	0	19	0
0	0	19	0
3	1	7	8
17	0	2	0
3	13	0	3
2	4	0	10
>ab_SANGER_10_FBgn0259750
0	6	8	6
10	3	1	6
4	5	10	1
7	0	13	0
0	20	0	0
0	20	0	0
20	0	0	0
0	0	20	0
0	0	20	0
11	2	0	7
7	13	0	0
1	14	1	4
4	9	1	6
9	5	3	3
4	2	1	13
2	5	4	9
8	5	1	6
8	2	3	7
5	2	11	2
10	5	3	2
6	5	9	0
>pho_SANGER_10_FBgn0002521
7	11	1	3
17	0	5	0
14	3	1	4
12	2	5	3
22	0	0	0
0	0	0	22
0	0	22	0
0	0	22	0
0	22	0	0
0	3	19	0
3	2	17	0
5	14	2	1
>lmd_SANGER_5_FBgn0039039
2	15	1	3
3	3	7	9
0	4	18	0
0	10	1	11
5	0	16	1
0	0	22	0
0	0	22	0
0	0	22	0
0	0	22	0
2	0	20	0
0	4	5	13
7	11	3	1
2	3	9	8
1	2	8	10
>sens_SANGER_10_FBgn0002573
3	0	13	1
0	19	0	3
4	9	0	9
0	1	20	1
4	0	0	18
0	0	22	0
22	0	0	0
0	0	0	22
0	0	0	22
0	1	0	21
>luna_SANGER_5_FBgn0040765
0	0	16	0
0	0	16	0
0	0	16	0
0	11	0	5
0	0	16	0
0	0	6	10
5	0	5	6
1	2	10	3
1	7	2	6
0	9	0	5
>sug_SANGER_5_FBgn0033782
2	17	0	2
2	12	5	2
3	5	13	0
2	10	2	7
2	0	18	1
0	0	21	0
0	0	21	0
0	0	21	0
0	0	21	0
0	0	19	2
0	6	3	12
4	14	1	2
3	3	6	9
1	1	7	12
>CG5669_SANGER_10_FBgn0039169
9	2	6	6
7	4	11	1
1	1	14	8
1	0	23	0
0	0	24	0
0	0	24	0
2	20	1	1
0	0	24	0
0	0	14	10
3	1	20	0
3	0	21	0
0	18	0	6
4	13	2	5
13	2	3	6
15	7	1	1
>CG4854_SANGER_10_FBgn0038766
0	1	8	0
1	0	2	6
2	1	4	2
0	0	7	2
0	0	2	7
0	0	0	9
0	0	8	1
0	0	9	0
1	8	0	0
8	0	0	1
9	0	0	0
0	7	0	2
>sqz_SANGER_5_FBgn0010768
7	3	8	1
5	9	5	0
4	4	0	11
7	3	3	6
5	7	1	6
14	2	2	1
3	7	1	8
11	4	4	0
16	3	0	0
19	0	0	0
19	0	0	0
19	0	0	0
19	0	0	0
18	0	0	1
19	0	0	0
9	8	1	1
>sr_SANGER_5_FBgn0003499
4	1	9	5
2	1	5	11
6	1	10	2
0	8	5	6
0	0	19	0
1	0	7	11
0	0	19	0
0	1	18	0
0	0	19	0
2	14	0	3
1	0	16	2
0	1	9	9
1	4	9	5
5	0	8	5
>pad_SANGER_5_FBgn0038418
8	1	12	3
10	4	8	2
20	3	0	1
0	0	24	0
0	0	24	0
0	0	24	0
0	0	24	0
11	1	0	12
19	0	0	5
>CG10267_SANGER_5_FBgn0037446
8	0	1	7
6	6	0	4
1	10	0	5
16	0	0	0
16	0	0	0
1	14	0	1
16	0	0	0
0	16	0	0
0	0	0	16
11	0	5	0
>phol_SANGER_5_FBgn0035997
4	12	0	0
16	0	0	0
16	0	0	0
4	1	6	5
16	0	0	0
0	0	0	16
0	0	16	0
0	0	16	0
0	16	0	0
0	1	15	0
>klu_SANGER_10_FBgn0013469
2	2	2	12
3	0	16	0
1	10	0	9
0	0	20	0
0	0	7	13
1	0	19	0
0	0	20	0
0	0	20	0
2	0	0	18
0	0	20	0
0	2	11	7
>CG12605_SANGER_10_FBgn0035481
3	16	2	1
22	0	0	0
0	22	0	0
0	20	0	2
0	0	0	22
0	0	22	0
1	0	0	21
3	0	5	14
2	1	19	0
>CG17181_SANGER_5_FBgn0035144
13	4	6	1
2	19	2	1
2	20	0	2
24	0	0	0
1	23	0	0
0	24	0	0
0	0	1	23
0	0	24	0
0	5	0	19
>Sp1_SANGER_5_FBgn0020378
4	3	14	1
3	0	7	12
3	0	19	0
0	0	22	0
0	0	21	1
2	19	0	1
0	0	22	0
0	0	10	12
9	0	13	0
4	2	10	6
4	13	1	4
>sna_SANGER_10_FBgn0003448
3	14	5	1
2	21	0	0
23	0	0	0
0	23	0	0
0	23	0	0
0	0	0	23
0	0	23	0
5	2	0	16
1	8	0	14
11	8	4	0
>esg_SANGER_2.5_FBgn0001981
0	11	0	0
11	0	0	0
0	11	0	0
0	10	0	1
0	0	0	11
0	0	11	0
2	2	0	7
>br_SANGER_10_FBgn0000210
1	0	11	0
12	0	0	0
0	0	0	12
0	0	0	12
12	0	0	0
0	1	11	0
12	0	0	0
>CG32830_SANGER_10_FBgn0052830
10	5	4	0
1	0	18	0
0	1	18	0
19	0	0	0
19	0	0	0
0	0	17	2
0	1	2	16
10	3	6	0
>her_SANGER_10_FBgn0001185
14	2	12	0
2	24	2	0
0	1	29	0
4	15	10	1
19	6	4	1
13	1	7	9
9	4	4	13
8	5	3	14
13	2	10	5
0	0	0	30
0	0	30	0
28	0	2	0
0	0	30	0
4	10	0	16
15	7	1	6
>sens-2_SANGER_2.5_FBgn0051632
7	1	3	0
1	4	0	6
9	1	1	0
11	0	0	0
11	0	0	0
1	0	0	10
0	11	0	0
8	0	0	3
1	7	3	0
5	0	3	3
2	0	9	0
1	9	0	1
8	0	1	2
1	5	1	4
2	3	3	3
1	9	0	1
>CG31670_SANGER_5_FBgn0031375
19	0	0	0
19	0	0	0
17	1	1	0
9	0	0	10
1	0	18	0
8	8	3	0
4	3	12	0
0	18	0	1
16	2	1	0
10	2	2	5
4	13	0	2
>sob_SANGER_10_FBgn0004892
0	0	22	0
0	19	2	1
2	0	0	20
15	0	0	7
1	21	0	0
0	5	0	17
1	0	18	3
1	5	8	8
4	2	10	6
4	3	6	9
1	5	4	12
7	2	3	10
8	8	6	0
>CG12029_SANGER_10_FBgn0035454
4	1	11	4
4	0	3	13
0	0	20	0
0	0	20	0
0	0	20	0
1	2	0	17
0	0	20	0
0	2	2	16
0	0	20	0
0	2	14	4
0	15	0	5
>CG14962_SANGER_5_FBgn0035407
8	7	4	0
19	0	0	0
12	2	1	4
6	2	10	1
5	0	2	12
0	2	0	17
0	2	17	0
18	0	1	0
17	0	2	0
14	0	2	3
0	19	0	0
17	0	2	0
0	15	1	3
>CG12236_SANGER_10_FBgn0029822
1	3	16	1
2	6	8	5
4	1	10	6
7	1	7	6
2	0	19	0
0	0	0	21
0	0	0	21
0	21	0	0
21	0	0	0
0	2	0	19
0	10	0	11
5	10	5	1
0	5	9	7
3	1	8	9
>Bteb2_SANGER_2.5_FBgn0025679
2	1	9	0
0	0	12	0
0	0	12	0
0	0	12	0
0	0	12	0
0	12	0	0
0	0	12	0
0	0	4	8
>CG7928_SANGER_10_FBgn0039740
1	13	4	1
19	0	0	0
0	0	19	0
0	0	19	0
0	0	19	0
8	10	0	1
1	2	0	16
4	1	13	1
3	11	5	0
12	6	1	0
5	4	5	5
14	1	2	2
14	4	0	1
7	9	2	1
7	5	2	5
2	11	0	6
3	8	5	3
3	14	0	0
>lola_SANGER_5_FBgn0005630
12	0	0	0
12	0	0	0
12	0	0	0
0	0	12	0
0	12	0	0
0	0	0	12
0	8	0	4
>fru_SANGER_10_FBgn0004652
11	20	8	4
11	19	8	6
13	20	6	7
7	23	5	11
8	17	13	8
26	6	12	2
23	21	1	1
40	0	6	0
0	1	40	5
0	0	0	46
45	0	1	0
46	0	0	0
4	17	0	25
34	1	6	4
>CG7368_SANGER_5_FBgn0036179
0	0	6	2
2	1	3	2
0	0	8	0
0	1	6	1
2	0	5	1
0	0	8	0
0	0	5	3
0	0	7	1
0	0	8	0
0	0	8	0
1	0	7	0
0	0	8	0
1	0	7	0
0	0	8	0
1	1	6	0
6	0	0	2
4	0	0	4
5	0	0	3
4	2	2	0
0	0	2	6
>hb_SANGER_2.5_FBgn0001180
2	0	5	10
0	8	6	3
2	6	6	3
4	0	6	7
0	0	0	17
0	0	0	17
0	0	0	17
0	0	0	17
0	0	0	17
0	0	0	17
15	0	1	1
3	6	2	6
0	2	8	7
>jim_SANGER_2.5_FBgn0027339
12	0	0	0
12	0	0	0
11	1	0	0
11	1	0	0
11	1	0	0
12	0	0	0
12	0	0	0
8	2	2	0
5	6	0	1
0	6	5	1
12	0	0	0
>CG3065_F1-3_SANGER_2.5_FBgn0034946
5	1	15	0
2	1	6	12
1	0	20	0
0	0	21	0
0	0	21	0
0	21	0	0
0	0	21	0
0	0	1	20
0	0	21	0
0	1	18	2
0	13	0	7
>l(3)neo38_SANGER_2.5_FBgn0086910
8	0	9	3
0	3	17	0
2	1	15	2
0	0	17	3
5	0	15	0
0	0	14	6
0	1	12	7
1	0	19	0
0	0	18	2
4	1	15	0
1	1	18	0
1	1	15	3
1	5	10	4
12	5	1	2
2	7	5	6
6	2	11	1
3	0	6	11
2	1	13	4
3	4	1	10
>wor_SANGER_2.5_FBgn0001983
0	21	0	0
20	0	0	1
0	21	0	0
0	21	0	0
0	0	0	21
0	0	21	0
1	12	0	6
>scrt_SANGER_2.5_FBgn0004880
6	2	1	0
2	7	0	0
0	9	0	0
9	0	0	0
0	9	0	0
0	9	0	0
0	0	0	9
0	0	9	0
0	0	0	9
0	0	0	9
0	0	9	0
>rn_SANGER_10_FBgn0259172
6	11	4	2
6	1	12	4
9	2	7	5
8	8	1	6
3	12	7	1
13	6	1	3
17	2	3	1
21	1	0	1
23	0	0	0
23	0	0	0
23	0	0	0
23	0	0	0
17	4	2	0
3	12	4	4
10	4	7	2
8	8	3	4
6	3	7	7
3	14	5	1
8	7	2	6
11	4	6	2
16	3	3	1
8	0	9	6
5	9	5	4
9	4	8	2
1	22	0	0
>gl_SANGER_5_FBgn0004618
0	0	19	1
20	0	0	0
20	0	0	0
5	0	12	3
0	20	0	0
0	20	0	0
7	8	3	2
0	3	0	17
20	0	0	0
0	12	0	8
17	0	1	2
17	0	2	1
>CG9895_SANGER_10_FBgn0034810
10	2	10	1
7	3	7	7
6	2	2	14
2	0	22	0
0	2	22	0
1	0	22	1
0	14	0	10
0	0	23	1
0	0	4	20
1	0	21	2
0	1	20	3
0	13	0	11
>vfl_SANGER_5_FBgn0259789
1	1	12	4
0	18	0	0
18	0	0	0
0	0	18	0
0	0	18	0
0	0	0	18
18	0	0	0
3	1	14	0
>CG8319_SANGER_2.5_FBgn0037722
5	0	8	0
0	0	13	0
0	0	13	0
0	1	0	12
0	12	0	1
13	0	0	0
0	12	0	1
0	13	0	0
>CG3407_SANGER_2.5_FBgn0031573
11	4	0	2
7	3	0	7
0	1	16	0
0	0	0	17
0	17	0	0
17	0	0	0
16	0	1	0
2	8	6	1
6	9	0	2
>CG2052_SANGER_2.5_FBgn0039905
13	4	5	0
12	3	4	3
8	3	8	3
10	5	6	1
2	8	6	6
1	9	4	8
20	0	2	0
22	0	0	0
22	0	0	0
22	0	0	0
22	0	0	0
22	0	0	0
22	0	0	0
4	1	4	13
>ab_SOLEXA_5_FBgn0259750
131	158	81	88
133	188	92	48
112	168	88	93
90	173	106	92
148	120	53	140
102	195	121	43
190	19	207	45
1	453	0	7
0	455	0	6
449	1	0	11
0	0	456	5
0	0	460	1
299	29	8	125
130	326	2	3
25	374	16	46
54	197	40	170
172	128	70	91
141	115	36	169
104	130	70	157
144	142	60	115
157	119	102	83
167	108	114	72
215	128	75	43
196	124	83	58
159	77	66	62
83	34	25	33
>CG2052_SOLEXA_2.5_FBgn0039905
301	249	222	121
304	291	172	136
292	240	190	184
286	252	184	184
382	191	136	197
447	54	288	117
870	0	9	27
902	0	0	4
906	0	0	0
898	0	8	0
906	0	0	0
894	9	3	0
407	66	30	403
115	336	308	140
231	304	122	134
>CG3407_SOLEXA_2.5_FBgn0031573
119	33	37	78
81	20	0	166
0	0	261	6
0	5	4	258
3	260	0	4
267	0	0	0
265	0	0	2
10	95	125	37
73	105	20	69
62	98	79	28
63	98	43	63
89	69	39	70
141	56	41	29
123	56	52	36
89	91	37	50
90	80	45	52
82	61	65	59
69	67	68	63
104	68	43	52
83	85	56	43
76	90	45	56
77	66	66	58
91	91	54	31
96	91	54	21
95	57	55	49
>CG5669_SOLEXA_5_FBgn0039169
227	81	168	141
139	47	390	46
84	9	265	271
106	0	515	8
0	0	625	4
0	0	624	5
37	569	0	23
1	0	624	4
0	0	381	248
137	8	456	28
43	34	511	41
47	467	6	109
116	267	71	175
269	90	56	210
280	157	119	69
>CG8319_SOLEXA_2.5_FBgn0037722
30	10	129	25
79	5	115	2
0	0	196	5
1	0	194	6
0	0	0	201
0	184	0	17
187	2	1	11
2	199	0	0
10	190	0	1
100	28	30	42
31	79	42	44
>disco_SOLEXA_5_FBgn0000459
140	82	60	51
161	84	92	98
275	61	82	163
258	32	129	162
127	48	185	221
0	2	2	577
0	0	552	29
0	11	0	570
6	563	0	12
566	0	11	4
119	455	0	7
137	422	10	12
126	180	63	212
>ken_SOLEXA_5_FBgn0011236
133	190	123	77
124	192	125	93
147	199	110	80
131	181	119	105
208	20	269	39
45	1	467	23
247	11	18	260
0	0	530	6
527	0	0	9
532	2	1	1
535	0	0	1
2	0	528	6
2	184	46	304
215	89	121	108
133	147	151	64
>lmd_SOLEXA_5_FBgn0039039
56	46	72	143
72	339	30	113
86	162	130	199
19	134	421	3
14	249	30	284
116	0	384	77
13	0	550	14
0	0	574	3
28	0	516	33
10	0	522	45
41	0	516	20
7	70	182	318
117	242	128	90
80	85	192	206
78	97	196	181
>luna_SOLEXA_5_FBgn0040765
163	157	142	95
208	142	142	89
269	111	121	111
180	36	120	276
36	0	558	18
4	0	579	29
1	5	588	18
17	468	1	126
0	0	607	5
5	24	149	434
59	18	462	73
37	27	463	85
35	396	26	155
84	283	68	132
>ovo_SOLEXA_5_FBgn0003028
112	125	101	68
167	38	163	39
111	110	91	95
229	87	62	29
0	2	3	402
384	1	0	22
405	0	0	2
3	401	0	3
0	0	399	8
0	0	401	6
48	20	156	183
327	22	12	46
71	204	10	120
113	93	24	139
>pho_SOLEXA_5_FBgn0002521
142	75	96	84
111	159	88	64
134	204	58	33
299	26	80	24
244	59	6	120
221	52	90	66
419	0	0	10
0	0	0	429
0	0	429	0
0	0	429	0
37	383	0	9
12	44	340	33
81	62	243	43
139	208	30	49
77	146	66	115
>sens_SOLEXA_5_FBgn0002573
66	35	120	183
52	8	354	27
17	361	10	84
65	188	4	215
10	42	394	26
80	4	0	388
17	0	449	6
467	5	0	0
12	0	1	459
7	0	0	465
21	21	81	349
202	66	138	66
60	132	118	162
91	103	134	143
70	102	144	148
>sug_SOLEXA_5_FBgn0033782
60	75	91	194
46	389	27	245
43	342	85	245
65	96	518	36
22	343	31	319
96	0	515	104
0	0	705	10
0	0	705	10
10	0	690	15
10	0	671	34
3	0	687	25
0	92	135	488
75	456	107	77
78	178	179	269
71	138	251	237
>CG10267_SOLEXA_5_FBgn0037446
15	101	17	30
76	48	40	41
55	58	83	73
55	132	29	53
92	41	28	108
157	11	31	70
149	67	4	49
10	157	2	100
264	0	1	4
223	29	0	17
35	212	7	15
222	44	1	2
26	243	0	0
4	1	0	264
208	0	60	1
23	117	107	22
92	94	43	40
133	71	20	45
85	45	36	103
40	57	40	129
>CG3065_F1-3_SOLEXA_2.5_FBgn0034946
71	25	48	41
67	39	95	40
34	10	181	38
14	1	77	171
33	0	217	13
0	0	253	10
1	0	253	9
4	255	0	4
3	0	249	11
0	0	29	234
2	0	260	1
4	8	211	40
5	166	7	85
44	59	52	105
47	53	110	47
>CG4854_SOLEXA_5_FBgn0038766
115	52	51	60
44	96	62	114
34	99	168	91
46	72	165	109
143	53	154	42
57	85	135	115
43	64	131	154
55	109	128	100
114	107	98	73
133	63	118	78
58	33	188	113
31	78	196	87
21	75	42	254
132	19	188	53
37	3	339	13
16	1	4	371
31	2	9	350
29	0	361	2
14	5	369	4
21	340	0	31
379	7	1	5
378	5	7	2
2	320	1	69
148	24	132	88
52	186	36	59
>CG7368_SOLEXA_2.5_FBgn0036179
26	13	65	95
81	19	66	64
23	0	199	14
6	0	133	97
4	0	224	8
3	0	230	3
21	1	170	44
62	0	84	90
2	0	200	34
0	0	235	1
1	0	227	8
3	0	230	3
5	1	203	27
68	22	95	51
67	16	111	38
>CG7928_SOLEXA_5_FBgn0039740
29	289	38	69
436	0	0	3
0	0	430	9
0	1	437	1
0	0	435	4
206	175	14	44
15	42	6	376
92	14	325	8
32	261	140	6
262	78	71	28
130	104	124	81
234	59	91	55
252	118	41	24
202	86	87	60
>CG9895_SOLEXA_5_FBgn0034810
239	52	200	494
44	0	921	24
2	0	957	31
0	0	959	31
19	644	0	327
2	0	961	27
3	15	212	760
68	18	818	86
63	45	781	101
73	503	29	376
109	425	126	274
>fru_SOLEXA_5_FBgn0004652
79	123	64	55
95	131	89	50
89	126	81	69
94	128	83	60
115	124	72	54
113	108	88	56
95	133	82	55
81	128	76	80
95	131	71	68
59	165	80	61
157	71	107	30
144	203	0	18
365	0	0	0
2	0	362	1
0	1	1	363
341	3	0	21
361	3	1	0
52	187	20	106
145	62	87	71
143	103	68	51
121	115	83	46
138	100	89	38
126	103	73	63
98	118	67	67
>rn_SOLEXA_5_FBgn0259172
129	164	118	43
132	147	90	103
150	128	104	90
117	162	92	101
186	69	157	60
53	232	81	106
463	2	4	3
451	5	0	16
472	0	0	0
472	0	0	0
469	0	0	3
450	22	0	0
231	134	39	68
171	143	91	67
117	162	116	77
149	131	106	86
138	151	95	88
134	149	115	74
162	156	74	80
174	129	97	72
193	120	105	54
168	139	100	65
157	95	116	104
98	143	67	75
53	87	68	47
>l(3)neo38_SOLEXA_2.5_FBgn0086910
192	108	342	210
144	26	613	113
38	5	478	392
111	0	777	25
0	0	907	6
114	21	560	218
161	75	339	338
0	0	808	105
0	0	882	31
77	0	835	1
0	0	904	9
72	39	570	232
212	108	357	236
164	137	405	168
166	140	296	198
>hb_SOLEXA_5_FBgn0001180
3	13	21	23
7	16	19	26
10	23	9	28
9	8	33	20
0	0	0	70
0	0	0	70
0	0	0	70
0	0	0	70
4	0	0	66
0	0	0	70
43	4	23	0
>CG3065_F1-5_SOLEXA_2.5_FBgn0034946
400	139	452	222
219	78	856	146
96	20	610	593
169	1	1125	24
11	0	1276	32
3	0	1263	53
51	1205	9	54
10	0	1290	19
7	27	199	1086
29	0	1265	25
81	62	1022	154
74	766	39	440
276	384	296	363
218	291	435	308
>jim_F1-9_SOLEXA_2.5_FBgn0027339
202	60	102	25
124	190	43	50
372	26	6	19
414	6	0	3
259	104	0	60
411	1	4	7
369	52	2	0
349	5	64	5
412	0	11	0
159	222	40	2
154	122	74	73
240	55	74	54
204	143	36	40
181	130	44	45
122	114	82	42
>lola_SOLEXA_5_FBgn0005630
12	33	13	34
32	14	36	10
86	2	0	5
90	0	0	3
93	0	0	0
1	0	90	2
0	93	0	0
0	0	0	93
0	78	0	15
>pad_SOLEXA_5_FBgn0038418
399	438	346	218
324	539	327	228
369	469	328	265
364	491	341	235
396	503	320	212
343	507	352	229
421	357	324	329
364	396	332	339
441	325	388	277
401	397	399	234
466	306	340	319
499	328	429	175
439	512	292	188
497	472	240	222
455	347	348	281
386	236	593	216
380	288	572	191
1106	164	13	148
2	0	1427	2
0	0	1431	0
90	0	1329	12
10	0	1354	67
816	97	114	404
974	97	46	314
324	404	279	150
>phol_SOLEXA_5_FBgn0035997
402	205	178	206
400	326	174	146
304	582	89	87
1007	13	24	18
926	49	38	49
332	212	273	245
1031	0	0	31
0	1	7	1054
0	0	1027	35
0	2	1037	23
51	966	1	44
53	95	836	78
239	265	393	165
320	562	62	115
191	380	185	271
>gl_SOLEXA_5_FBgn0004618
21	8	312	10
402	5	0	8
422	12	9	6
76	15	343	15
8	430	5	6
20	416	4	9
200	139	49	61
49	76	13	311
341	29	34	45
59	223	70	97
270	44	53	82
267	69	55	58
161	115	130	43
90	97	102	152
103	74	169	90
>scrt_SOLEXA_2.5_1_FBgn0004880
78	227	23	18
50	285	22	24
373	8	5	3
1	385	0	3
2	353	2	32
0	2	2	385
2	0	382	5
3	0	1	385
28	0	43	318
37	8	330	14
107	216	38	28
131	55	116	87
96	157	42	94
>scrt_SOLEXA_2.5_2_FBgn0004880
122	59	67	13
61	184	33	20
23	263	11	24
317	0	3	1
0	319	0	2
0	307	0	14
1	2	4	314
0	0	317	4
3	0	0	318
28	1	34	258
36	3	275	7
123	142	22	34
123	55	73	70
>sqz_SOLEXA_5_FBgn0010768
250	277	195	106
371	182	194	105
220	237	184	213
366	165	280	43
272	418	4	160
847	0	4	3
832	0	0	22
853	0	1	0
854	0	0	0
843	0	0	11
852	0	0	2
552	214	8	80
413	186	148	107
121	273	252	186
229	224	219	113
>sr_SOLEXA_5_FBgn0003499
436	340	851	560
309	483	588	933
362	230	1380	366
218	1078	320	722
0	0	2330	8
59	6	697	1576
352	0	1947	39
0	0	2338	0
0	0	2300	38
287	1194	91	766
134	90	1915	199
208	163	1114	853
552	351	874	561
424	461	716	605
>wor_SOLEXA_2.5_FBgn0001983
428	645	383	150
127	1499	5	78
1724	19	0	51
0	1770	0	24
22	1743	0	29
0	0	8	1786
9	1	1759	20
86	1085	5	548
>vfl_SOLEXA_5_FBgn0259789
110	150	196	229
149	123	254	235
144	119	234	264
116	212	237	196
54	0	478	229
7	749	0	5
756	1	1	3
0	0	731	30
1	0	750	10
4	0	3	754
756	5	0	0
76	75	566	44
145	203	230	183
140	227	167	217
169	99	277	160
>br_SOLEXA_10_FBgn0000210
89	87	118	44
86	78	41	147
9	1	344	8
304	21	0	37
4	4	1	353
3	0	0	359
362	0	0	0
0	0	362	0
322	1	37	2
212	54	21	73
156	32	125	47
>Bteb2_SOLEXA_2.5_FBgn0025679
74	42	91	91
100	66	49	101
154	14	109	48
79	2	237	7
3	0	249	73
5	0	311	9
1	0	305	19
3	0	318	4
8	299	0	18
2	0	317	6
0	0	110	215
144	27	89	65
83	56	57	129
82	119	53	68
>CG12029_SOLEXA_5_FBgn0035454
200	114	297	227
248	147	377	198
259	19	203	595
60	2	980	34
9	3	1031	33
10	0	1062	4
97	237	0	742
9	0	1058	9
11	44	109	912
12	0	1052	12
9	21	911	135
18	767	0	291
214	328	174	360
164	278	331	274
175	170	334	311
>CG12236_SOLEXA_5_FBgn0029822
99	112	203	135
111	59	307	104
115	134	132	232
57	7	543	6
18	0	2	593
4	0	0	609
7	601	0	5
611	1	1	0
6	112	2	493
7	352	1	253
60	244	209	100
88	109	268	148
103	126	244	140
86	138	181	200
87	131	202	172
>CG12605_SOLEXA_5_FBgn0035481
104	227	51	33
66	350	22	41
477	1	5	14
4	493	0	0
7	450	1	39
15	1	2	479
1	0	489	7
9	3	1	484
76	7	91	323
70	21	384	22
158	208	70	61
152	126	138	81
91	197	84	125
>CG14962_SOLEXA_5_FBgn0035407
75	37	28	21
150	3	0	8
102	11	19	29
20	38	96	7
44	0	7	110
0	5	0	156
0	0	158	3
155	0	4	2
152	9	0	0
82	8	45	26
10	149	0	2
146	1	10	4
12	108	14	24
>CG17181_SOLEXA_5_FBgn0035144
200	55	90	73
298	140	108	25
96	490	27	20
37	565	12	19
597	3	2	31
3	624	0	6
0	607	6	20
6	0	7	620
0	0	610	23
29	143	9	452
104	119	75	335
219	116	234	64
247	181	126	79
161	211	127	126
166	201	130	109
>CG31670_SOLEXA_5_FBgn0031375
57	109	35	70
136	97	46	34
307	3	16	7
316	1	5	11
272	1	56	4
200	3	3	127
2	3	325	3
254	44	24	11
41	15	253	24
9	311	4	9
332	0	1	0
262	0	35	36
23	207	2	101
70	148	71	41
114	81	83	15
>CG32830_SOLEXA_5_FBgn0052830
83	74	126	98
105	120	163	161
111	98	153	187
71	108	169	201
51	123	188	187
117	100	155	177
72	95	191	191
263	21	133	132
0	6	0	543
0	0	0	549
548	1	0	0
535	14	0	0
0	115	0	434
40	345	95	69
239	32	197	81
99	114	171	165
125	114	137	173
130	106	151	162
98	111	155	185
56	116	201	176
82	127	191	149
112	113	170	154
112	127	175	131
91	135	184	128
>her_SOLEXA_10_FBgn0001185
212	6	158	5
5	367	0	9
6	0	371	5
29	328	15	10
274	19	78	11
163	36	82	101
112	50	46	174
111	33	42	196
202	26	100	54
3	15	0	364
0	0	379	3
371	6	0	5
2	0	376	4
63	149	5	119
201	26	42	54
>klu_SOLEXA_5_FBgn0013469
75	54	138	156
33	5	360	54
37	230	10	226
7	1	493	2
14	6	168	315
26	0	472	5
10	5	485	3
9	0	491	3
71	48	6	378
3	0	491	9
26	24	298	155
101	64	204	134
95	85	188	135
79	90	168	156
91	82	152	132
>sna_SOLEXA_5_FBgn0003448
177	163	424	238
158	221	401	287
185	227	380	305
171	133	528	265
101	232	295	469
549	38	409	101
804	0	191	102
32	1059	6	0
1096	0	0	1
8	1	1083	5
3	4	1088	2
12	11	18	1056
29	2	1009	57
58	159	630	228
>sob_SOLEXA_5_FBgn0004892
46	230	195	225
157	77	262	251
59	10	666	28
13	750	0	0
19	20	1	723
610	14	10	129
64	699	0	0
83	268	0	412
48	1	670	44
34	42	282	405
146	55	273	289
86	239	141	297
158	98	226	281
162	129	191	268
>Sp1_SOLEXA_2.5_FBgn0020378
177	140	175	74
246	74	180	76
128	33	356	59
66	2	237	271
73	0	494	9
3	0	563	10
0	0	569	7
27	510	0	39
3	0	558	15
0	1	281	294
129	16	339	92
157	66	260	93
93	369	30	68
97	232	89	93
>ato_da_SANGER_5_2_FBgn0010433
2	2	18	0
8	8	1	5
0	22	0	0
22	0	0	0
0	0	13	9
9	3	8	2
0	0	0	22
0	0	22	0
1	5	6	10
>ato_da_SANGER_5_3_FBgn0010433
7	9	3	0
0	19	0	0
18	0	1	0
0	10	1	8
7	12	0	0
1	0	0	18
0	0	19	0
6	7	3	3
3	14	1	1
>Crc_CG6272_SANGER_5_FBgn0000370
12	3	2	0
0	0	0	17
0	0	0	17
13	0	4	0
0	17	0	0
8	0	9	0
1	0	0	16
3	14	0	0
17	0	0	0
0	6	6	5
4	10	1	2
>Fer2_da_SANGER_5_FBgn0038402
7	10	3	0
0	20	0	0
20	0	0	0
0	4	12	4
2	11	7	0
0	0	0	20
0	0	20	0
17	0	0	3
0	19	0	1
9	0	10	1
>gce_Clk_SANGER_5_FBgn0030627
3	2	11	0
0	12	4	0
0	16	0	0
16	0	0	0
0	16	0	0
0	0	16	0
1	0	0	15
0	0	15	0
>Hand_da_SANGER_5_FBgn0032209
0	12	0	0
12	0	0	0
0	6	5	1
12	0	0	0
0	0	0	12
0	0	11	1
0	2	10	0
0	11	0	1
1	8	2	1
>HLH4C_da_SANGER_5_3_FBgn0011277
0	11	0	0
12	0	0	0
0	12	0	0
0	12	0	0
0	0	0	12
0	0	12	0
4	8	0	0
3	1	4	4
1	10	0	1
1	8	1	1
>HLH4C_da_SANGER_5_4_FBgn0011277
6	8	2	0
0	16	0	0
17	0	0	0
0	12	0	5
1	16	0	0
0	0	0	17
0	0	17	0
7	7	2	1
2	2	11	2
5	8	2	2
4	12	0	1
3	11	1	1
>kay_Jra_SANGER_5_FBgn0001297
15	3	17	8
25	10	6	2
0	0	0	43
0	0	33	10
43	0	0	0
4	18	21	0
0	0	1	42
0	43	0	0
43	0	0	0
0	24	1	18
3	26	10	4
>Max_Mnt_SANGER_5_FBgn0017578
2	16	0	0
0	18	0	0
18	0	0	0
0	18	0	0
0	0	18	0
0	0	0	18
0	0	18	0
>Met_Clk_SANGER_5_FBgn0002723
0	2	9	3
10	3	1	0
0	14	0	0
14	0	0	0
0	14	0	0
0	0	14	0
0	0	0	14
0	0	14	0
>Mio_bigmax_SANGER_5_FBgn0032940
12	0	4	4
0	0	4	16
0	20	0	0
20	0	0	0
0	19	0	1
0	0	18	2
0	4	1	15
2	0	17	1
>Oli_da_SANGER_5_1_FBgn0032651
3	10	8	1
17	0	2	3
1	21	0	0
1	21	0	0
22	0	0	0
0	0	0	22
18	4	0	0
0	2	0	20
0	0	22	0
1	2	10	9
0	15	0	7
>Oli_da_SANGER_5_2_FBgn0032651
13	3	2	0
5	7	2	4
0	11	4	3
2	5	6	5
3	6	5	4
9	2	6	1
2	14	2	0
0	18	0	0
18	0	0	0
0	3	1	14
7	11	0	0
0	0	0	18
0	0	18	0
0	1	6	11
3	9	0	6
>Oli_da_SANGER_5_3_FBgn0032651
10	5	1	0
0	16	0	0
16	0	0	0
0	1	0	15
3	13	0	0
0	0	0	16
0	0	16	0
0	1	6	9
0	11	0	5
>tai_Clk_SANGER_5_FBgn0041092
9	0	13	0
0	22	0	0
19	0	2	1
0	22	0	0
0	0	22	0
0	0	0	22
0	0	22	0
0	1	3	18
0	14	5	3
>tap_da_SANGER_5_2_FBgn0015550
0	9	3	0
0	12	0	0
13	0	1	0
1	3	5	5
11	3	0	0
0	0	0	14
0	0	14	0
0	0	1	13
0	11	1	2
10	0	3	1
>tgo_cyc_SANGER_5_FBgn0015014
1	2	16	0
0	0	3	16
0	19	0	0
19	0	0	0
0	19	0	0
0	0	19	0
0	0	0	19
0	0	16	0
7	7	2	0
>tgo_sim_SANGER_5_FBgn0015014
5	4	13	0
6	0	2	14
22	0	0	0
0	22	0	0
0	0	22	0
0	0	0	22
0	0	22	0
19	3	0	0
0	17	1	3
0	13	3	5
>tgo_sima_SANGER_5_FBgn0015014
4	3	14	0
0	3	3	16
21	0	1	0
0	22	0	0
0	0	22	0
0	0	0	22
0	0	22	0
20	2	0	0
0	21	1	0
>tgo_tai_SANGER_5_FBgn0015014
5	0	8	0
0	13	0	0
12	0	4	0
0	15	1	0
0	0	16	0
0	0	0	16
0	1	15	0
15	1	0	0
0	16	0	0
>tgo_trh_SANGER_5_FBgn0015014
8	4	9	0
0	1	2	18
21	0	0	0
0	21	0	0
0	0	20	1
0	0	0	21
0	0	21	0
19	2	0	0
1	16	3	1
1	11	4	5
>Xrp1_CG6272_SANGER_5_FBgn0261113
16	1	0	0
0	0	0	17
0	0	0	17
6	0	10	1
0	17	0	0
7	0	10	0
0	12	0	5
11	5	1	0
16	0	1	0
1	8	0	7
>Adf1_SANGER_5_FBgn0000054
1	5	0	5
7	3	1	0
2	6	2	1
4	7	0	0
3	0	8	0
0	0	10	1
0	11	0	0
11	0	0	0
0	1	10	0
8	1	2	0
0	0	11	0
7	3	1	0
4	4	0	3
5	2	3	1
7	4	0	0
>aop_SANGER_10_FBgn0000097
10	3	6	0
0	17	2	0
0	19	0	0
0	0	19	0
0	0	19	0
19	0	0	0
18	0	0	1
5	0	14	0
1	6	0	12
>Atf6_SANGER_5_FBgn0033010
0	0	6	0
1	4	1	0
0	0	0	6
0	0	6	0
5	1	0	0
0	6	0	0
0	0	5	1
0	0	0	6
0	0	6	0
1	0	4	1
2	4	0	0
6	0	0	0
>bab1_SANGER_5_FBgn0004870
2	2	13	3
19	0	0	1
19	0	0	1
3	0	1	16
3	0	0	17
20	0	0	0
14	0	0	6
20	0	0	0
0	0	0	20
19	0	1	0
5	2	0	13
>BtbVII_SANGER_5_FBgn0012049
8	10	2	0
1	5	5	9
0	3	0	17
20	0	0	0
0	0	0	20
5	0	13	2
0	0	0	20
16	0	4	0
2	9	0	9
14	3	0	3
>CG10904_SANGER_5_FBgn0034945
2	10	4	0
12	0	4	0
1	0	0	15
0	0	16	0
7	7	2	0
0	0	14	2
16	0	0	0
0	0	14	2
16	0	0	0
13	0	0	3
8	7	1	0
7	3	0	6
7	0	4	5
>CG11504_SANGER_5_FBgn0039733
0	14	0	6
11	5	1	3
0	1	19	0
1	19	0	0
20	0	0	0
19	0	0	1
1	19	0	0
20	0	0	0
2	4	0	14
>CG12155_SANGER_5_FBgn0029957
11	1	1	1
11	0	0	3
4	2	5	3
2	7	1	4
14	0	0	0
10	0	4	0
0	14	0	0
0	0	14	0
14	0	0	0
0	0	14	0
3	0	0	11
11	1	1	1
>CG12768_SANGER_5_FBgn0037206
8	1	0	14
6	6	4	7
0	10	0	13
2	1	0	20
23	0	0	0
1	22	0	0
0	23	0	0
23	0	0	0
23	0	0	0
7	9	0	7
10	9	0	4
8	7	0	8
>CG13897_SANGER_5_FBgn0035160
5	4	0	8
2	8	7	0
8	0	8	1
9	0	7	1
0	13	4	0
17	0	0	0
0	0	17	0
17	0	0	0
0	17	0	0
17	0	0	0
4	8	5	0
>CG15601_SANGER_5_FBgn0030673
4	0	0	5
1	0	0	8
0	0	1	8
0	9	0	0
8	0	1	0
9	0	0	0
0	4	0	5
0	9	0	0
>CG1621_SANGER_5_FBgn0033182
16	0	5	0
4	9	4	4
2	19	0	0
0	21	0	0
0	0	21	0
0	0	11	10
19	0	2	0
12	3	4	2
>CG16778_SANGER_5_FBgn0003715
0	15	2	1
18	1	0	0
0	20	0	0
20	0	0	0
0	9	0	11
17	0	3	0
0	6	0	14
0	1	18	1
>CG3838_SANGER_5_FBgn0032130
18	0	2	0
8	4	1	7
5	2	13	0
3	17	0	0
15	0	5	0
20	0	0	0
0	20	0	0
19	0	0	1
5	1	0	14
>CG3919_SANGER_5_FBgn0036423
8	9	2	1
1	9	8	2
17	0	0	3
9	6	0	5
1	13	3	3
4	6	7	3
1	2	0	17
1	0	19	0
0	20	0	0
15	0	5	0
19	0	1	0
0	20	0	0
20	0	0	0
0	11	1	7
1	9	7	2
>CG4404_SANGER_5_FBgn0030432
4	0	10	1
0	14	1	0
15	0	0	0
0	0	15	0
0	5	0	10
15	0	0	0
10	0	0	5
6	2	0	7
1	0	2	12
10	1	2	2
5	6	4	0
9	4	2	0
0	5	9	1
4	8	2	1
>CG5180_SANGER_5_FBgn0043457
15	0	0	2
1	0	0	16
0	15	0	2
5	0	12	0
16	0	0	1
17	0	0	0
0	17	0	0
11	4	0	2
1	1	2	13
3	9	4	1
>CG5953_SANGER_5_FBgn0032587
10	3	0	3
0	16	0	0
16	0	0	0
16	0	0	0
16	0	0	0
0	16	0	0
16	0	0	0
1	5	0	10
>CG6276_SANGER_5_FBgn0038316
4	8	3	0
0	13	0	3
14	0	1	1
0	1	0	15
8	5	0	3
15	0	1	0
10	0	1	5
15	1	0	0
0	13	0	3
8	0	3	5
8	1	1	6
11	2	2	0
10	3	2	0
>CG7745_SANGER_5_FBgn0033616
10	4	4	0
1	8	0	9
1	0	0	17
18	0	0	0
18	0	0	0
0	0	0	18
0	0	0	18
18	0	0	0
9	6	0	3
8	3	4	3
6	7	2	3
5	4	8	1
3	10	4	1
6	5	4	3
2	8	7	0
>CG8281_SANGER_5_FBgn0035824
0	9	1	7
9	0	8	0
0	0	0	17
0	17	0	0
17	0	0	0
17	0	0	0
0	0	0	17
16	1	0	0
5	2	0	10
6	2	0	9
>CG8765_SANGER_5_FBgn0036900
14	0	0	0
8	4	0	2
3	0	11	0
1	13	0	0
0	0	8	6
13	0	0	1
1	13	0	0
13	0	0	1
2	3	4	5
7	3	1	3
6	6	1	1
7	1	1	5
1	5	3	5
11	1	1	0
>CG9437_SANGER_5_FBgn0034599
0	0	0	17
0	0	0	17
17	0	0	0
0	17	0	0
0	0	17	0
0	0	1	16
>Dip3_SANGER_5_FBgn0040465
4	9	4	1
12	1	5	0
18	0	0	0
10	0	0	8
0	0	0	18
0	18	0	0
0	0	0	18
2	0	0	16
0	18	0	0
4	5	3	6
5	9	4	0
7	5	5	1
3	8	3	4
11	5	0	2
>Doc2_SANGER_5_FBgn0035956
0	0	0	11
0	0	1	10
0	11	0	0
8	0	2	1
0	11	0	0
8	0	3	0
1	10	0	0
1	6	1	3
0	0	0	11
>Eip74EF_SANGER_5_FBgn0000567
15	3	0	0
1	16	0	1
0	18	0	0
0	18	0	0
0	0	18	0
0	0	18	0
18	0	0	0
18	0	0	0
2	0	16	0
2	1	0	15
>Eip75B_SANGER_5_FBgn0000568
2	1	5	12
14	2	0	5
10	0	0	11
5	3	8	5
0	0	2	19
10	0	11	0
0	0	20	1
0	0	21	0
0	3	0	18
0	20	0	1
19	0	2	0
>Eip93F_SANGER_10_FBgn0013948
11	4	4	0
1	13	2	3
7	3	2	7
1	10	6	2
0	19	0	0
0	19	0	0
8	0	11	0
19	0	0	0
19	0	0	0
16	0	0	3
11	1	0	7
1	0	1	16
>Ets21c_SANGER_5_FBgn0005660
12	1	6	0
0	9	0	10
3	0	0	16
0	0	0	19
0	19	0	0
0	19	0	0
0	0	19	0
0	0	17	2
5	3	0	10
>Ets65A_SANGER_10_FBgn0005658
2	17	0	0
0	19	0	0
0	0	19	0
0	0	19	0
19	0	0	0
19	0	0	0
12	0	7	0
0	8	0	11
>Ets96B_SANGER_5_FBgn0039225
13	1	4	3
0	21	0	0
0	22	0	0
0	0	22	0
0	0	22	0
22	0	0	0
22	0	0	0
4	0	18	0
1	7	0	14
8	5	8	1
6	9	6	0
>Ets97D_SANGER_10_FBgn0004510
17	1	2	1
2	17	1	1
1	19	1	0
0	0	21	0
0	0	21	0
21	0	0	0
21	0	0	0
7	0	14	0
2	7	0	12
>Ets98B_SANGER_10_FBgn0005659
9	2	0	0
1	7	2	1
2	9	0	0
0	11	0	0
0	0	11	0
0	0	11	0
11	0	0	0
3	0	0	8
0	11	0	0
>ftz-f1_SANGER_5_FBgn0001078
6	0	0	0
6	0	0	0
0	0	6	0
0	0	6	0
0	0	0	6
0	6	0	0
6	0	0	0
>GATAd_SANGER_5_FBgn0032223
1	12	5	3
1	14	6	1
1	0	0	22
0	0	0	23
23	0	0	0
0	1	0	22
0	23	0	0
22	0	1	0
>GATAe_SANGER_5_FBgn0038391
8	2	0	9
0	0	19	0
19	0	0	0
0	0	0	19
19	0	0	0
19	0	0	0
0	4	15	0
>HLH106_SANGER_5_1_FBgn0015234
22	0	13	0
4	0	0	31
0	35	0	0
35	0	0	0
0	30	2	3
1	0	34	0
0	20	0	15
0	14	20	1
34	0	1	0
0	23	2	10
>HLH106_SANGER_5_2_FBgn0015234
18	0	2	0
3	0	0	17
0	20	0	0
15	0	5	0
0	19	0	1
2	1	17	0
0	0	0	20
0	0	20	0
20	0	0	0
0	13	2	5
>HLH106_SANGER_5_3_FBgn0015234
7	0	8	0
1	0	0	14
0	15	0	0
15	0	0	0
0	13	1	1
0	0	15	0
0	15	0	0
0	14	0	1
14	0	1	0
0	13	0	2
>HLHmgamma_SANGER_5_2_FBgn0002735
3	0	0	4
0	0	7	0
0	0	0	7
0	7	0	0
7	0	0	0
7	0	0	0
0	0	7	0
>Hr39_SANGER_5_FBgn0010229
9	0	5	2
1	7	0	9
0	0	17	0
16	0	3	0
0	19	0	0
0	19	0	0
0	0	0	19
0	0	0	19
0	4	15	0
12	2	3	2
>Hr51_SANGER_5_FBgn0034012
11	3	0	0
9	3	1	1
8	0	4	2
8	1	2	3
11	0	2	1
2	1	0	11
0	12	0	2
13	0	1	0
9	0	5	0
14	0	0	0
5	1	8	0
0	2	12	0
3	0	2	9
>jigr1_SANGER_5_FBgn0039350
10	7	0	3
10	5	3	2
0	0	0	20
15	0	1	4
19	1	0	0
19	1	0	0
20	0	0	0
16	0	0	4
15	4	0	1
13	0	1	6
11	4	4	1
>knrl_SANGER_5_FBgn0001323
14	1	1	3
19	1	0	0
18	0	1	1
1	9	4	6
0	2	0	18
14	0	6	0
0	0	20	0
7	0	11	2
0	0	12	8
0	20	0	0
16	0	4	0
>Mes2_SANGER_5_FBgn0037207
4	0	0	13
4	3	0	10
3	1	0	13
10	0	3	4
11	0	6	0
0	0	17	0
0	16	1	0
0	17	0	0
14	2	1	0
11	2	1	3
7	4	4	2
9	0	0	8
>Met_SANGER_5_FBgn0002723
0	21	0	0
21	0	0	0
0	18	0	3
1	0	20	0
0	0	0	21
0	0	16	5
0	2	9	9
>Mitf_SANGER_5_FBgn0263112
0	11	0	0
9	0	2	1
0	19	0	3
0	2	20	0
0	1	0	21
0	0	22	0
20	2	0	0
>NFAT_SANGER_5_FBgn0030505
7	7	3	0
11	3	0	3
2	8	4	3
2	0	15	0
4	0	11	2
17	0	0	0
17	0	0	0
12	0	3	2
9	4	4	0
8	0	0	9
3	4	1	9
3	11	0	3
0	15	2	0
3	12	0	2
11	2	4	0
>pfk_SANGER_5_FBgn0035405
8	6	1	2
8	8	1	0
6	2	2	8
0	2	1	15
2	14	0	2
1	16	0	1
5	13	0	0
13	2	3	0
3	6	3	6
1	8	0	9
4	3	11	0
2	0	2	14
0	3	0	15
0	18	0	0
0	11	0	1
>pnr_SANGER_5_FBgn0003117
2	9	3	3
10	0	0	7
0	0	17	0
17	0	0	0
1	0	0	16
17	0	0	0
16	0	0	0
>pnt_SANGER_5_FBgn0003118
12	1	1	2
0	17	0	0
1	16	0	1
0	0	18	0
2	0	16	0
17	0	0	1
15	0	0	3
9	0	9	0
1	2	0	15
>Rel_SANGER_5_FBgn0014018
10	3	10	0
9	0	14	0
8	0	13	2
18	0	5	0
21	1	0	1
15	1	0	7
0	17	0	6
1	22	0	0
0	23	0	0
3	20	0	0
0	23	0	0
>retn_SANGER_5_FBgn0004795
17	0	1	3
21	0	0	0
0	0	0	21
1	13	0	7
20	0	1	0
18	2	1	0
19	2	0	0
9	8	1	2
>rib_SANGER_5_FBgn0003254
0	9	0	8
0	0	17	0
0	17	0	0
11	0	6	0
17	0	0	0
17	0	0	0
13	0	0	4
9	2	0	6
8	0	2	6
>slbo_SANGER_5_FBgn0005638
10	7	4	1
0	0	0	22
0	0	1	21
7	0	15	0
2	19	1	0
2	0	20	0
8	2	1	11
15	7	0	0
22	0	0	0
1	7	1	13
5	9	0	7
>srp_SANGER_5_FBgn0003507
0	7	3	6
0	14	2	0
0	0	0	17
0	0	0	17
17	0	0	0
0	0	0	17
0	17	0	0
9	0	1	7
>tai_SANGER_5_FBgn0041092
13	0	3	5
15	1	0	5
11	7	2	1
0	21	0	0
21	0	0	0
0	21	0	0
0	0	21	0
0	2	0	19
0	2	19	0
7	0	7	7
2	16	2	1
>tj_SANGER_5_FBgn0000964
1	3	1	18
0	0	23	0
1	21	0	1
0	2	0	21
0	1	21	1
23	0	0	0
0	12	8	3
2	2	8	11
6	8	1	8
14	5	2	2
1	0	21	1
2	17	4	0
>Usf_SANGER_5_FBgn0029711
9	4	3	0
1	10	1	4
0	17	0	0
15	0	2	1
0	18	0	0
4	0	14	0
0	0	0	18
0	0	18	0
12	0	4	2
0	12	4	2
>lola-PU_SANGER_5_FBgn0005630
2	2	8	0
0	12	0	0
0	2	0	10
0	12	0	0
12	0	0	0
12	0	0	0
3	3	0	6
8	1	3	0
6	4	0	2
>lola-PY_SANGER_2.5_FBgn0005630
7	1	3	0
10	1	0	0
0	11	0	0
0	11	0	0
0	7	0	4
0	4	0	7
5	2	3	1
6	1	4	0
2	9	0	0
>lola-PD_SANGER_5_FBgn0005630
0	11	0	0
0	10	1	0
1	9	0	1
0	11	0	0
1	10	0	0
1	10	0	0
10	1	0	0
4	4	1	2
2	1	0	7
>lola-PO_SANGER_5_FBgn0005630
0	5	1	2
0	0	8	0
0	8	0	0
0	8	0	0
0	8	0	0
6	0	2	0
4	1	3	0
6	2	0	0
>lola-PQ_SANGER_5_FBgn0005630
8	2	0	1
3	3	4	1
6	1	4	0
10	0	0	1
8	0	0	3
0	11	0	0
11	0	0	0
6	5	0	0
0	9	0	2
>lola-PW_SANGER_5_FBgn0005630
0	3	9	0
0	0	2	10
0	10	0	2
0	0	0	12
0	0	12	0
0	11	0	1
11	0	0	1
>lola-PT_SANGER_5_FBgn0005630
1	0	11	0
0	12	0	0
0	0	0	12
0	12	0	0
12	0	0	0
11	1	0	0
3	4	1	4
8	0	3	1
>lola-PJ_SANGER_5_FBgn0005630
11	0	0	1
5	0	7	0
0	12	0	0
12	0	0	0
0	0	0	12
12	0	0	0
12	0	0	0
>lola_PK_SANGER_5_FBgn0005630
0	2	7	2
6	4	1	0
3	2	3	3
1	10	0	0
0	11	0	0
2	0	0	9
11	0	0	0
1	9	0	1
3	2	2	4
2	2	0	7
4	0	2	5
>br-PE_SANGER_5_FBgn0000210
5	0	5	0
2	1	0	7
2	3	0	5
0	7	1	2
3	2	3	2
3	1	0	6
0	10	0	0
1	0	1	8
10	0	0	0
10	0	0	0
1	5	0	4
2	0	8	0
>lola-PG_SANGER_2.5_FBgn0005630
11	0	0	0
11	0	0	0
0	0	11	0
1	10	0	0
0	0	0	11
0	8	1	2
6	4	1	0
>CG31782_F9-11_SANGER_5_FBgn0051782
5	0	1	1
0	2	4	1
0	2	4	1
1	0	0	6
0	7	0	0
5	0	0	2
0	7	0	0
0	7	0	0
7	0	0	0
2	5	0	0
0	5	0	2
6	0	0	1
6	0	1	0
5	0	0	1
>CG4360_F1-3_SANGER_2.5_FBgn0038787
5	3	0	0
0	8	0	0
8	0	0	0
7	0	1	0
0	8	0	0
8	0	0	0
8	0	0	0
1	7	0	0
7	0	0	1
7	0	0	1
2	3	3	0
3	5	0	0
0	5	3	0
>ttk-PF_SANGER_5_FBgn0003870
8	3	0	0
11	0	0	0
0	0	11	0
0	0	11	0
11	0	0	0
0	8	0	3
10	0	0	1
>D19B_F10-12_SANGER_5_FBgn0022699
0	1	0	8
6	1	2	0
0	8	0	1
9	0	0	0
0	0	9	0
0	0	9	0
0	0	8	1
1	0	0	8
9	0	0	0
>disco-r-Cl1_SANGER_5_FBgn0042650
5	2	1	0
7	0	0	1
2	2	3	1
4	1	1	2
5	0	2	1
0	0	1	7
1	0	7	0
0	0	0	8
0	8	0	0
4	4	0	0
0	7	0	1
0	7	0	1
>br-PL_SANGER_5_FBgn0000210
4	7	0	0
6	5	0	0
2	0	2	7
11	0	0	0
0	0	10	1
11	0	0	0
0	6	3	2
0	8	2	1
8	1	0	2
>br-PA_SANGER_5_FBgn0000210
8	0	3	0
10	1	0	0
0	0	0	11
11	0	0	0
0	0	10	1
0	0	0	11
0	0	4	7
>lola-PC_SANGER_5_FBgn0005630
0	0	11	0
0	0	11	0
10	0	1	0
11	0	0	0
11	0	0	0
9	0	1	1
3	3	1	4
1	5	0	5
0	8	1	0
>ttk-PA_SANGER_5_FBgn0003870
0	11	0	0
6	3	0	2
7	2	0	2
0	11	0	0
0	11	0	0
0	11	0	0
0	8	0	3
0	2	0	9
8	1	2	0
>D19A_F10-12_SANGER_5_FBgn0022935
0	1	2	7
2	0	9	0
0	0	0	11
2	0	8	1
11	0	0	0
10	0	1	0
0	0	0	11
0	0	10	1
9	2	0	0
>Kr_SANGER_5_FBgn0001325
6	0	6	0
10	0	0	2
6	2	4	0
0	0	12	0
0	0	12	0
1	2	9	0
0	0	0	12
8	0	0	4
>lola-PF_SANGER_5_FBgn0005630
5	5	0	2
11	0	0	1
12	0	0	0
0	12	0	0
0	0	0	12
0	11	0	1
0	12	0	0
8	1	1	2
0	6	0	6
2	5	0	5
>lola-PL_SANGER_2.5_FBgn0005630
1	0	6	4
0	0	11	0
0	0	0	11
0	0	11	0
0	0	11	0
2	2	5	2
0	0	7	4
2	9	0	0
8	0	0	2
>bowl_SANGER_5_FBgn0004893
4	7	0	0
0	12	0	0
7	1	4	0
0	0	12	0
5	0	1	6
12	0	0	0
0	0	12	0
0	8	0	3
>lola-PA_SANGER_5_FBgn0005630
5	0	7	0
0	0	12	0
0	0	12	0
0	0	0	12
1	0	0	11
1	5	0	6
2	8	1	1
>Ci_SANGER_5_FBgn0004859
6	0	4	1
0	0	11	0
8	3	0	0
2	9	0	0
1	10	0	0
8	2	0	1
0	10	0	1
3	8	0	0
0	11	0	0
10	0	1	0
0	9	2	0
>Opa_SANGER_5_FBgn0003002
7	3	1	1
2	0	5	5
4	5	2	1
4	7	1	0
3	9	0	0
1	9	2	0
0	12	0	0
0	11	1	0
0	12	0	0
8	3	1	0
0	11	1	0
0	8	0	4
3	0	9	0
>CG11071_SANGER_5_FBgn0030532
0	4	0	7
5	4	2	0
6	3	2	0
0	0	11	0
0	11	0	0
0	11	0	0
0	1	0	10
11	0	0	0
0	5	0	6
4	2	1	4
1	2	5	3
7	4	0	0
>Blimp-1_SANGER_5_FBgn0035625
2	1	6	0
7	0	0	2
9	0	0	0
9	0	0	0
0	0	8	1
1	1	4	3
0	0	9	0
9	0	0	0
9	0	0	0
9	0	0	0
1	0	7	1
0	6	0	2
>Aef1_SANGER_5_FBgn0005694
6	2	4	0
0	12	0	0
12	0	0	0
12	0	0	0
0	12	0	0
12	0	0	0
12	0	0	0
0	12	0	0
12	0	0	0
9	3	0	0
2	9	0	1
>Cf2-PB_SANGER_5_FBgn0000286
0	9	0	0
1	3	4	1
2	3	6	0
3	3	1	5
2	3	4	3
0	0	7	5
5	0	4	3
0	0	0	12
11	0	1	0
2	6	2	2
8	1	3	0
0	0	0	12
12	0	0	0
0	1	0	11
8	0	1	3
>peb-F1-3_SANGER_2.5_FBgn0003053
8	1	1	1
0	0	11	0
0	11	0	0
11	0	0	0
0	0	0	11
0	11	0	0
3	7	0	1
>shn-F1-2_SANGER_5_FBgn0003396
0	0	5	4
0	0	9	0
0	0	9	0
9	0	0	0
9	0	0	0
1	0	0	8
0	6	0	3
0	9	0	0
0	9	0	0
0	8	0	1
1	1	0	6
>CG12236-PB_SANGER_2.5_FBgn0029822
0	6	0	3
0	0	0	9
0	0	0	9
0	9	0	0
0	9	0	0
9	0	0	0
>Cf2-PA_SANGER_2.5_FBgn0000286
0	1	0	7
7	0	0	1
2	0	2	4
1	4	3	0
0	3	0	5
0	0	8	0
7	1	0	0
8	0	0	0
8	0	0	0
>crol_F7-16_SANGER_5_FBgn0020309
8	1	0	3
0	10	0	2
1	8	0	3
2	8	2	0
2	8	0	2
0	12	0	0
0	12	0	0
1	11	0	0
0	12	0	0
0	12	0	0
0	5	1	6
0	10	1	1
0	5	3	3
0	9	2	0
4	7	0	0
>Aef1_SOLEXA_FBgn0005694
17	15	47	24
5	20	52	25
18	4	13	69
9	3	6	85
1	0	87	16
0	0	2	102
0	0	0	105
0	0	102	2
0	11	0	93
0	0	0	105
0	0	102	2
0	6	13	86
43	12	14	34
35	7	49	13
4	14	14	72
>Blimp-1_SOLEXA_FBgn0035625
769	355	511	305
670	569	406	295
551	562	245	581
742	83	1008	106
1321	297	186	137
1516	124	167	133
1778	1	133	28
35	19	1865	22
65	321	139	1415
66	0	1872	4
1933	0	6	3
1864	7	55	13
1888	11	4	37
267	75	1507	91
78	515	144	1203
563	377	525	475
589	581	535	236
>bowl_SOLEXA_FBgn0004893
840	620	513	420
780	821	344	445
933	547	520	392
949	735	206	502
1102	1046	133	111
68	2278	0	46
1260	66	1067	0
0	0	2394	0
519	12	105	1756
2294	56	43	0
0	8	2385	0
0	2175	47	170
784	911	248	449
703	899	550	240
>br-PA_SOLEXA_FBgn0000210
1360	1118	0	22
2320	180	0	0
82	2418	0	0
0	0	0	2500
2178	320	0	2
81	216	245	1958
125	1066	101	1208
451	503	827	719
864	349	722	564
618	494	635	753
443	519	565	973
261	375	520	1344
370	388	817	925
473	473	645	909
511	605	556	828
>br-PE_SOLEXA_FBgn0000210
943	515	800	625
534	703	1250	396
67	2106	90	618
1005	43	1835	0
46	3	0	2835
0	0	0	2885
2643	27	0	212
0	3	2881	0
1977	195	501	211
844	589	525	925
1075	315	1252	241
841	530	870	643
606	472	515	1292
438	402	569	1473
433	527	894	1028
>br-PL_SOLEXA_FBgn0000210
224	238	1160	886
1005	237	746	520
125	251	116	2015
0	2509	0	0
0	0	0	2509
2507	1	0	0
56	132	1516	803
97	369	1166	875
707	619	500	682
442	502	817	746
440	631	787	651
>Cf2-PA_SOLEXA_FBgn0000286
321	88	144	97
0	199	0	451
348	170	72	59
0	51	67	531
572	71	6	0
81	53	366	149
0	0	0	651
651	0	0	0
0	0	0	651
399	104	25	121
>Cf2-PB_SOLEXA_FBgn0000286
1215	856	415	184
284	55	287	2045
2640	31	0	0
0	0	94	2577
2672	0	0	0
151	528	342	1650
719	243	1708	0
24	779	103	1762
1999	80	438	152
713	1057	381	518
855	766	660	390
>CG11071_SOLEXA_FBgn0030532
748	1116	574	505
699	962	411	870
1138	1117	637	53
1399	639	648	257
23	37	2869	14
30	2889	5	19
28	2887	19	10
25	164	37	2717
2647	270	14	12
332	674	137	1799
1328	485	479	651
184	438	1783	538
1167	1281	229	266
675	1314	411	542
985	915	432	611
>CG12236-PB_SOLEXA_FBgn0029822
558	833	395	329
324	1067	234	488
30	0	24	2062
0	0	0	2117
0	2117	0	0
0	2117	0	0
1982	134	0	0
660	103	1109	242
267	657	275	916
423	543	788	362
>CG31782-F9-11_SOLEXA_FBgn0051782
234	420	486	1413
482	438	350	1282
838	289	954	471
377	305	1464	407
269	27	582	1676
1	0	2552	0
0	0	2554	0
386	0	143	2023
506	25	1979	42
1453	195	287	617
375	584	1324	269
>CG4360-F1-3_SOLEXA_FBgn0038787
146	423	1215	642
397	138	435	1456
131	15	136	2144
12	2	2275	136
5	10	2	2409
3	2	4	2417
1	1	2412	12
1	102	6	2317
23	11	1	2392
15	8	2372	32
13	128	263	2020
899	336	327	864
849	204	1131	242
243	381	471	1331
489	479	595	864
>chinmo_SOLEXA_FBgn0086758
364	31	441	63
826	46	8	19
0	0	0	899
6	0	893	0
0	891	0	8
892	0	7	0
95	637	71	96
47	378	13	461
119	186	138	456
218	264	204	213
267	179	280	173
>ci_SOLEXA_FBgn0004859
82	117	2404	158
1844	489	427	0
49	2712	0	1
0	2761	1	0
2018	533	45	166
0	2763	0	0
382	2380	0	0
114	2499	47	100
2024	240	373	123
397	1532	578	255
800	662	1041	258
709	649	698	705
710	930	533	589
>crol-F7-16_SOLEXA_FBgn0020309
508	306	1432	606
530	306	1742	274
373	452	1693	334
319	833	723	978
342	213	2276	22
699	802	1268	84
141	0	2703	8
129	15	2707	2
19	0	2820	15
0	0	2855	0
50	0	2802	0
45	14	2635	159
408	42	2105	297
772	336	1120	625
693	480	981	699
>D19B-F10-12_SOLEXA_FBgn0022699
1556	541	342	110
0	36	67	2448
2376	149	21	3
227	2323	0	1
191	2358	1	0
133	1985	246	187
244	328	14	1964
576	169	1444	361
30	250	429	1839
1830	168	468	84
>disco-r-F1-2_SOLEXA_FBgn0042650
565	505	786	729
530	496	675	883
444	692	635	814
564	346	848	825
38	61	2015	468
40	0	2085	461
1	78	41	2464
0	0	2584	1
2434	139	4	8
0	2584	0	1
2305	272	8	0
764	782	229	809
571	563	179	1271
467	446	328	1344
515	582	555	931
>esg-F3-5_SOLEXA_FBgn0001981
211	66	2436	64
259	2514	0	5
2276	502	0	0
0	0	2779	0
0	0	2779	0
0	0	179	2599
0	0	2749	29
142	1336	427	870
1331	355	577	514
453	601	428	1295
460	560	933	823
377	546	1003	849
491	483	1127	677
300	681	967	829
622	485	797	874
>Kr_SOLEXA_FBgn0001325
421	732	754	567
476	492	521	987
117	676	189	1495
1768	245	88	376
1694	704	19	58
0	2320	36	120
0	2321	0	155
0	2477	0	0
114	331	512	1516
414	210	51	1800
161	590	225	1499
435	1061	495	484
536	672	753	515
325	802	613	735
438	689	578	770
>lola-PA_SOLEXA_FBgn0005630
920	514	572	356
856	691	477	338
628	1021	425	287
642	890	455	375
570	926	508	359
707	686	539	429
721	514	817	309
972	623	266	501
1127	0	1235	0
0	0	2363	0
0	0	2363	0
413	251	41	1655
283	114	0	1964
245	1195	58	864
465	1019	491	386
>lola-PC_SOLEXA_FBgn0005630
524	1015	799	554
616	798	876	602
200	28	2275	389
0	0	2894	0
2082	58	754	0
2871	23	0	0
2868	26	0	0
2866	23	6	0
496	780	751	864
166	1436	380	912
393	1122	772	607
>lola-PD_SOLEXA_FBgn0005630
205	111	402	327
81	194	460	309
49	30	464	501
0	0	749	297
0	0	747	299
0	0	1047	0
0	0	1047	0
228	0	818	0
0	0	976	70
254	584	137	70
155	265	125	500
144	260	330	311
192	209	364	279
145	206	407	289
172	206	346	320
>lola-PF_SOLEXA_FBgn0005630
462	638	798	721
268	554	888	909
500	544	602	972
822	247	1061	488
713	145	1367	393
201	476	110	1831
10	1	2581	26
101	0	2506	11
2603	2	10	1
0	0	2605	14
0	5	4	2609
23	151	10	2434
513	123	1111	871
189	547	1008	875
638	367	962	651
>lola-PG_SOLEXA_FBgn0005630
510	131	1605	94
1973	232	58	78
0	0	2295	47
67	2275	0	0
0	0	26	2316
0	0	0	2343
363	93	36	1849
488	693	515	646
591	433	795	522
485	550	785	521
342	607	769	623
>lola-PJ_SOLEXA_FBgn0005630
467	603	781	933
640	560	656	928
264	494	860	1167
53	254	147	2331
22	9	2	2752
2784	2	0	0
0	0	0	2787
0	0	2787	0
87	1227	0	1471
117	7	49	2611
229	335	1665	556
305	771	870	839
352	521	1136	776
405	608	696	1076
446	518	872	949
>lola-PK_SOLEXA_FBgn0005630
1348	509	473	555
828	463	609	985
384	318	1887	297
0	0	63	2823
2818	68	0	0
0	0	2887	0
0	0	2887	0
622	562	1265	436
712	362	1298	513
454	1842	444	144
320	1795	310	460
>lola-PL_SOLEXA_FBgn0005630
357	322	600	780
215	163	1232	447
944	968	0	148
808	793	137	322
0	2061	0	0
0	2061	0	0
2061	0	0	0
0	2061	0	0
361	1099	123	476
407	481	834	337
457	334	690	576
281	387	939	452
368	452	650	588
310	480	653	616
>lola-PO_SOLEXA_FBgn0005630
14	42	73	108
4	73	35	124
4	82	1	148
0	1	227	10
0	0	238	0
0	0	233	4
14	214	4	4
32	49	154	1
33	51	120	32
66	148	0	23
14	173	2	45
52	67	64	52
35	36	49	116
41	38	52	105
51	39	60	86
>lola-PQ_SOLEXA_FBgn0005630
37	110	126	228
32	162	62	246
55	69	268	110
52	181	158	111
54	8	441	0
0	0	180	322
0	0	2	501
0	0	504	0
126	0	0	376
18	38	0	446
23	275	44	162
41	81	222	157
32	115	111	244
57	86	160	198
93	97	154	158
>lola-PT_SOLEXA_FBgn0005630
104	210	226	250
81	252	218	237
133	100	284	271
29	216	66	477
295	27	292	173
17	0	9	763
0	0	0	790
0	0	787	2
728	53	3	3
1	0	787	2
43	589	80	76
127	353	106	200
139	193	240	216
132	176	194	285
126	156	228	278
>lola-PU_SOLEXA_FBgn0005630
475	818	745	826
470	828	636	926
750	300	913	901
111	839	240	1672
1152	107	812	791
59	0	92	2713
0	0	59	2804
0	0	2864	0
2747	116	0	0
0	0	2864	0
37	2211	320	294
373	1385	452	652
527	649	932	755
>lola-PW_SOLEXA_FBgn0005630
19	116	31	224
43	18	125	204
0	2	0	389
27	0	364	0
0	392	0	0
392	0	0	0
0	0	392	0
204	103	59	22
90	154	102	44
103	75	137	76
>lola-PY_SOLEXA_FBgn0005630
442	380	509	836
376	270	583	938
272	439	665	790
200	466	819	682
171	383	608	1004
293	296	977	599
1567	0	558	43
189	0	1838	141
0	0	2169	0
0	0	2169	0
0	0	143	2025
16	1041	0	1112
558	503	531	573
240	320	1281	327
246	477	806	638
>opa_SOLEXA_FBgn0003002
772	1045	396	494
817	1071	523	295
913	835	541	420
352	928	1127	300
1212	883	600	13
276	2181	51	199
227	2420	0	62
221	2341	50	94
28	2680	0	0
50	2658	0	0
41	2128	35	504
779	577	1317	34
157	1800	293	457
409	702	855	741
223	204	2156	123
>peb-F1-3_SOLEXA_FBgn0003053
417	599	786	887
417	545	924	805
675	401	910	704
745	278	1246	420
350	297	1275	768
0	0	2692	0
2689	2	0	0
0	0	0	2692
0	0	2692	0
61	2430	84	115
187	327	353	1822
>peb-F5-7_SOLEXA_FBgn0003053
8	5	39	132
1	2	1	182
0	40	0	146
158	0	0	28
1	0	0	185
0	178	8	0
0	20	0	166
0	153	13	20
89	26	45	23
32	57	25	72
70	18	38	60
28	57	43	57
18	50	21	96
21	47	35	81
14	44	32	96
>salr-F3-5_SOLEXA_FBgn0000287
189	5	27	258
44	47	7	380
0	3	8	468
126	260	93	0
36	0	422	21
0	0	471	8
453	3	3	21
119	78	90	192
101	54	48	275
155	72	15	237
144	57	93	185
39	99	32	308
5	272	140	63
17	187	123	152
1	203	132	141
>sens2_SOLEXA_FBgn0051632
391	290	829	944
289	169	1713	283
122	1733	130	469
510	782	35	1127
0	403	1886	164
497	54	26	1877
0	0	2456	0
2142	307	6	0
0	0	0	2455
4	5	6	2440
110	206	701	1438
>shn-F1-2_SOLEXA_FBgn0003396
37	84	458	36
18	10	575	10
72	4	512	26
119	7	483	5
592	18	4	0
113	47	0	454
2	0	0	613
0	594	0	21
0	610	0	5
98	233	133	149
100	130	172	212
103	132	207	172
85	127	204	199
107	136	221	150
85	138	251	139
>ttk-PA_SOLEXA_FBgn0003870
1063	795	561	548
1053	754	547	612
1587	496	202	680
1014	1002	394	555
117	2265	442	142
1389	1348	0	230
2081	336	10	539
0	2968	0	0
0	2968	0	0
0	2966	1	0
0	2495	1	471
189	1553	56	1169
1363	627	433	542
1055	957	543	411
1034	851	578	504
>ttk-PF_SOLEXA_FBgn0003870
1973	867	15	26
2880	1	1	0
0	0	2883	0
0	0	2883	0
2879	0	3	0
0	1568	3	1312
2216	213	175	277
880	1001	25	974
666	991	545	678
880	946	608	446
876	921	677	407
>run_Bgb_NBT_FBgn0013753
13	3	0	15
28	0	2	1
29	0	2	0
0	31	0	0
0	30	1	0
7	1	23	0
0	31	0	0
30	0	0	1
22	0	9	0
>ac_da_SANGER_5_FBgn0000413
10	1	7	1
0	19	0	0
19	0	0	0
0	18	1	0
0	19	0	0
0	0	0	19
0	0	19	0
0	15	0	4
>amos_da_SANGER_10_FBgn0000413
13	1	8	1
7	13	0	3
0	23	0	0
23	0	0	0
0	7	1	15
7	16	0	0
0	0	0	23
0	0	23	0
2	9	6	6
2	13	3	5
6	7	10	0
>ase_da_SANGER_10_FBgn0000413
0	22	1	0
23	0	0	0
0	19	1	3
0	23	0	0
0	0	0	23
0	0	23	0
0	17	0	6
>ato_da_SANGER_10_FBgn0000413
8	11	4	0
0	23	0	0
23	0	0	0
0	14	1	8
8	15	0	0
0	0	0	23
0	0	23	0
7	3	3	10
0	19	0	4
11	3	7	2
3	13	2	5
>cato_da_SANGER_10_FBgn0000413
9	11	1	2
11	5	7	0
0	23	0	0
22	0	1	0
2	6	10	5
7	15	1	0
1	0	0	22
0	0	23	0
12	2	3	6
0	19	0	4
>CG33557_da_SANGER_5_FBgn0000413
7	13	3	0
0	23	0	0
19	1	3	0
0	7	12	4
17	6	0	0
0	1	1	21
2	0	18	3
1	3	11	8
5	9	3	6
11	4	8	0
7	10	0	6
6	6	8	3
7	6	8	2
11	10	0	2
5	8	6	4
15	4	0	4
4	9	3	7
10	4	2	7
11	5	4	3
8	9	2	2
14	2	0	1
>Clk_cyc_SANGER_5_FBgn0023094
10	10	0	0
0	20	0	0
18	0	0	2
0	20	0	0
0	0	20	0
0	0	0	20
0	0	20	0
11	3	5	1
>dei_da_SANGER_5_FBgn0000413
13	4	0	0
7	10	0	0
0	17	0	0
17	0	0	0
0	9	0	8
6	11	0	0
0	0	0	17
0	0	17	0
1	0	5	11
5	4	0	8
>dimm_da_SANGER_5_FBgn0000413
1	14	0	4
8	1	10	0
3	15	1	0
0	19	0	0
19	0	0	0
0	0	1	18
19	0	0	0
0	0	0	19
0	0	19	0
0	0	15	4
6	0	4	9
>dm_Max_SANGER_10_FBgn0017578
9	1	12	2
9	8	4	3
0	24	0	0
24	0	0	0
0	24	0	0
1	0	23	0
0	0	0	24
0	0	24	0
1	3	20	0
5	1	5	13
>dys_tgo_SANGER_5_FBgn0015014
15	1	4	3
6	1	16	0
0	1	1	21
0	23	0	0
23	0	0	0
0	23	0	0
0	0	23	0
23	0	0	0
6	8	0	9
4	5	0	14
2	7	2	12
>Fer1_da_SANGER_10_FBgn0000413
11	6	1	5
11	6	6	0
0	23	0	0
23	0	0	0
0	15	8	0
6	14	3	0
0	0	0	23
0	0	23	0
8	3	2	10
0	17	3	3
14	4	4	1
>Fer3_da_SANGER_5_FBgn0000413
2	17	0	0
18	0	1	0
1	5	8	5
3	15	1	0
0	1	0	18
0	0	19	0
3	2	0	14
0	7	4	8
11	4	2	2
3	15	0	1
>HLH4C_da_SANGER_5_FBgn0000413
9	9	5	0
12	3	5	3
11	6	2	4
11	6	1	5
10	6	7	0
0	23	0	0
23	0	0	0
0	21	1	1
1	22	0	0
0	0	0	23
0	1	22	0
9	10	1	3
2	4	11	6
5	10	5	3
3	17	2	1
>HLH54F_da_SANGER_5_FBgn0000413
12	10	1	1
12	10	2	0
0	23	0	1
24	0	0	0
0	24	0	0
0	23	0	1
0	1	2	21
0	0	24	0
0	10	1	13
0	6	3	14
7	7	9	0
>l(1)sc_da_SANGER_5_FBgn0000413
4	0	19	0
0	23	0	0
21	0	1	1
1	0	22	0
0	0	22	1
0	0	0	23
1	0	22	0
>nau_da_SANGER_5_FBgn0000413
0	16	1	0
22	0	0	0
0	22	0	0
0	22	0	0
0	0	0	22
0	0	22	0
0	9	0	13
1	14	1	6
>net_da_SANGER_10_FBgn0000413
10	4	7	1
6	13	3	0
0	22	0	0
22	0	0	0
0	14	2	6
0	22	0	0
0	1	0	21
0	0	22	0
1	4	7	10
>sage_da_SANGER_5_FBgn0000413
12	0	6	5
17	3	3	0
21	2	0	0
16	6	1	0
0	23	0	0
23	0	0	0
0	10	9	4
5	18	0	0
1	1	0	21
0	0	23	0
0	5	2	15
>sc_da_SANGER_10_FBgn0000413
11	5	7	0
0	23	0	0
24	0	0	0
0	21	1	2
0	24	0	0
0	0	0	24
0	0	24	0
0	16	1	7
>tgo_ss_SANGER_5_FBgn0003513
0	1	0	9
0	0	10	0
0	9	0	1
0	1	9	0
0	0	0	10
0	0	10	0
10	0	0	0
0	8	0	2
>ss_tgo_SANGER_10_FBgn0015014
3	0	10	0
0	0	0	13
0	13	0	0
13	0	0	0
0	13	0	0
0	0	13	0
0	13	0	0
10	0	3	0
13	0	0	0
2	2	1	8
0	5	8	0
>tap_da_SANGER_5_FBgn0000413
6	0	11	0
0	4	3	10
7	0	10	0
12	3	2	0
0	17	0	0
17	0	0	0
0	0	6	11
12	3	2	0
0	0	0	17
0	0	15	0
0	2	8	5
>twi_da_SANGER_5_FBgn0000413
12	4	7	0
1	19	2	1
0	22	0	1
23	0	0	0
0	3	16	4
22	0	1	0
0	0	0	23
0	1	22	0
0	2	4	17
0	7	7	8
>ato_da_SANGER_5_2_FBgn0000413
2	2	18	0
8	8	1	5
0	22	0	0
22	0	0	0
0	0	13	9
9	3	8	2
0	0	0	22
0	0	22	0
1	5	6	10
>ato_da_SANGER_5_3_FBgn0000413
7	9	3	0
0	19	0	0
18	0	1	0
0	10	1	8
7	12	0	0
1	0	0	18
0	0	19	0
6	7	3	3
3	14	1	1
>Crc_CG6272_SANGER_5_FBgn0036126
12	3	2	0
0	0	0	17
0	0	0	17
13	0	4	0
0	17	0	0
8	0	9	0
1	0	0	16
3	14	0	0
17	0	0	0
0	6	6	5
4	10	1	2
>Fer2_da_SANGER_5_FBgn0000413
7	10	3	0
0	20	0	0
20	0	0	0
0	4	12	4
2	11	7	0
0	0	0	20
0	0	20	0
17	0	0	3
0	19	0	1
9	0	10	1
>gce_Clk_SANGER_5_FBgn0023076
3	2	11	0
0	12	4	0
0	16	0	0
16	0	0	0
0	16	0	0
0	0	16	0
1	0	0	15
0	0	15	0
>Hand_da_SANGER_5_FBgn0000413
0	12	0	0
12	0	0	0
0	6	5	1
12	0	0	0
0	0	0	12
0	0	11	1
0	2	10	0
0	11	0	1
1	8	2	1
>HLH4C_da_SANGER_5_3_FBgn0000413
0	11	0	0
12	0	0	0
0	12	0	0
0	12	0	0
0	0	0	12
0	0	12	0
4	8	0	0
3	1	4	4
1	10	0	1
1	8	1	1
>HLH4C_da_SANGER_5_4_FBgn0000413
6	8	2	0
0	16	0	0
17	0	0	0
0	12	0	5
1	16	0	0
0	0	0	17
0	0	17	0
7	7	2	1
2	2	11	2
5	8	2	2
4	12	0	1
3	11	1	1
>kay_Jra_SANGER_5_FBgn0001291
15	3	17	8
25	10	6	2
0	0	0	43
0	0	33	10
43	0	0	0
4	18	21	0
0	0	1	42
0	43	0	0
43	0	0	0
0	24	1	18
3	26	10	4
>Max_Mnt_SANGER_5_FBgn0023215
2	16	0	0
0	18	0	0
18	0	0	0
0	18	0	0
0	0	18	0
0	0	0	18
0	0	18	0
>Met_Clk_SANGER_5_FBgn0023076
0	2	9	3
10	3	1	0
0	14	0	0
14	0	0	0
0	14	0	0
0	0	14	0
0	0	0	14
0	0	14	0
>Mio_bigmax_SANGER_5_FBgn0039509
12	0	4	4
0	0	4	16
0	20	0	0
20	0	0	0
0	19	0	1
0	0	18	2
0	4	1	15
2	0	17	1
>Oli_da_SANGER_5_1_FBgn0000413
3	10	8	1
17	0	2	3
1	21	0	0
1	21	0	0
22	0	0	0
0	0	0	22
18	4	0	0
0	2	0	20
0	0	22	0
1	2	10	9
0	15	0	7
>Oli_da_SANGER_5_2_FBgn0000413
13	3	2	0
5	7	2	4
0	11	4	3
2	5	6	5
3	6	5	4
9	2	6	1
2	14	2	0
0	18	0	0
18	0	0	0
0	3	1	14
7	11	0	0
0	0	0	18
0	0	18	0
0	1	6	11
3	9	0	6
>Oli_da_SANGER_5_3_FBgn0000413
10	5	1	0
0	16	0	0
16	0	0	0
0	1	0	15
3	13	0	0
0	0	0	16
0	0	16	0
0	1	6	9
0	11	0	5
>tai_Clk_SANGER_5_FBgn0023076
9	0	13	0
0	22	0	0
19	0	2	1
0	22	0	0
0	0	22	0
0	0	0	22
0	0	22	0
0	1	3	18
0	14	5	3
>tap_da_SANGER_5_2_FBgn0000413
0	9	3	0
0	12	0	0
13	0	1	0
1	3	5	5
11	3	0	0
0	0	0	14
0	0	14	0
0	0	1	13
0	11	1	2
10	0	3	1
>tgo_cyc_SANGER_5_FBgn0023094
1	2	16	0
0	0	3	16
0	19	0	0
19	0	0	0
0	19	0	0
0	0	19	0
0	0	0	19
0	0	16	0
7	7	2	0
>tgo_sim_SANGER_5_FBgn0004666
5	4	13	0
6	0	2	14
22	0	0	0
0	22	0	0
0	0	22	0
0	0	0	22
0	0	22	0
19	3	0	0
0	17	1	3
0	13	3	5
>tgo_sima_SANGER_5_FBgn0015542
4	3	14	0
0	3	3	16
21	0	1	0
0	22	0	0
0	0	22	0
0	0	0	22
0	0	22	0
20	2	0	0
0	21	1	0
>tgo_tai_SANGER_5_FBgn0041092
5	0	8	0
0	13	0	0
12	0	4	0
0	15	1	0
0	0	16	0
0	0	0	16
0	1	15	0
15	1	0	0
0	16	0	0
>Xrp1_CG6272_SANGER_5_FBgn0036126
16	1	0	0
0	0	0	17
0	0	0	17
6	0	10	1
0	17	0	0
7	0	10	0
0	12	0	5
11	5	1	0
16	0	1	0
1	8	0	7
