prot	pos	pcc	rmse	ic.exp	ic.pred	coreSeq
Bteb2	1	-0.168443	0.780876	1.112055	0.388011	KAHARDERRDHK
Bteb2	2	0.869274	0.468031	1.643450	0.651154	KAHARDERRDHK
Bteb2	3	0.991626	0.134584	1.586990	1.207961	KAHARDERRDHK
Bteb2	4	0.988106	0.311171	1.762264	0.728192	KAHARDERRDHK
Bteb2	5	0.891071	0.388181	1.473575	0.830154	KAHARDERRDHK
Bteb2	6	0.993921	0.159329	1.747184	1.207961	KAHARDERRDHK
Bteb2	7	0.866128	0.291728	1.021752	0.449611	KAHARDERRDHK
Bteb2	8	0.244447	0.487979	0.200031	0.594999	KAHARDERRDHK
Bteb2	9	-0.498836	0.746944	0.088209	0.982633	KAHARDERRDHK
Bteb2	10	0.997763	0.259556	0.062951	0.571276	KAHARDERRDHK
ken	1	-0.192882	0.661097	0.031083	0.994260	MWNTQAHKSQER
ken	2	0.257636	0.623685	0.509655	0.955320	MWNTQAHKSQER
ken	3	0.996750	0.164093	1.288839	1.996442	MWNTQAHKSQER
ken	4	-0.541702	0.606134	0.685507	0.212305	MWNTQAHKSQER
ken	5	0.957690	0.419006	1.861268	0.629787	MWNTQAHKSQER
ken	6	0.950979	0.480830	1.828109	0.439231	MWNTQAHKSQER
ken	7	0.475471	0.779962	1.879970	0.102812	MWNTQAHKSQER
ken	8	0.994481	0.177022	1.925821	1.239950	MWNTQAHKSQER
ken	9	0.997976	0.117594	1.831212	1.379367	MWNTQAHKSQER
ken	10	-0.428689	1.122672	0.656868	1.953536	MWNTQAHKSQER
lola-PL	1	-0.399117	0.248634	0.091780	0.032724	RSARRDSR
lola-PL	2	0.153354	0.580915	0.343400	0.699471	RSARRDSR
lola-PL	3	0.978026	0.297856	1.981908	0.981498	RSARRDSR
lola-PL	4	-0.089293	1.013271	1.981908	0.560194	RSARRDSR
lola-PL	5	0.963279	0.378176	1.981908	0.822414	RSARRDSR
lola-PL	6	0.966503	0.460669	1.981908	0.488854	RSARRDSR
lola-PL	7	0.582192	0.237933	0.260499	0.184075	RSARRDSR
luna	1	0.946916	0.195740	0.257419	0.026567	KSHARDERRDHL
luna	2	-0.154923	0.897656	1.459331	0.532504	KSHARDERRDHL
luna	3	0.955052	0.308014	1.634453	0.884449	KSHARDERRDHL
luna	4	0.937164	0.461421	1.691446	0.448587	KSHARDERRDHL
luna	5	0.998676	0.033210	1.055075	1.007411	KSHARDERRDHL
luna	6	0.961517	0.343517	1.886216	0.884449	KSHARDERRDHL
luna	7	0.387878	0.516563	0.896603	0.282588	KSHARDERRDHL
luna	8	0.094798	0.582577	0.841051	0.035801	KSHARDERRDHL
luna	9	0.264441	0.573905	0.844884	0.200585	KSHARDERRDHL
luna	10	0.973948	0.179976	0.652566	0.318026	KSHARDERRDHL
CG12029	1	0.977081	0.292354	0.471382	0.026567	KSHARDERRDHL
CG12029	2	-0.159022	0.899707	1.455907	0.532504	KSHARDERRDHL
CG12029	3	0.958129	0.316759	1.687795	0.884449	KSHARDERRDHL
CG12029	4	0.933810	0.494519	1.864839	0.448587	KSHARDERRDHL
CG12029	5	0.197705	0.716764	0.824445	1.007411	KSHARDERRDHL
CG12029	6	0.960197	0.338757	1.837801	0.884449	KSHARDERRDHL
CG12029	7	0.203103	0.689836	1.196309	0.282588	KSHARDERRDHL
CG12029	8	0.156919	0.827205	1.801552	0.035801	KSHARDERRDHL
CG12029	9	0.288369	0.665542	1.240608	0.200585	KSHARDERRDHL
CG12029	10	0.980885	0.258600	1.028176	0.318026	KSHARDERRDHL
CG12236	1	0.267245	0.303434	0.136334	0.263920	SNARTWST
CG12236	2	-0.975728	0.761974	0.184232	0.967085	SNARTWST
CG12236	3	0.177071	0.636216	0.903888	0.658138	SNARTWST
CG12236	4	-0.152390	1.057169	1.184001	1.345615	SNARTWST
CG12236	5	0.452881	0.765946	1.919725	0.473449	SNARTWST
CG12236	6	0.853556	0.469394	1.804048	1.065402	SNARTWST
CG12236	7	0.968212	0.274888	1.897382	1.247994	SNARTWST
gl	1	0.955622	0.395743	1.301470	0.349945	QANAQSSTDSTKQGNR
gl	2	0.782904	0.605763	1.718448	0.336168	QANAQSSTDSTKQGNR
gl	3	-0.238015	1.073017	1.546270	0.775152	QANAQSSTDSTKQGNR
gl	4	-0.449174	1.136753	0.923162	1.352359	QANAQSSTDSTKQGNR
gl	5	0.999969	0.032428	1.643754	1.827293	QANAQSSTDSTKQGNR
gl	6	-0.443816	0.849995	1.491413	0.063424	QANAQSSTDSTKQGNR
gl	7	0.921634	0.109090	0.212646	0.149150	QANAQSSTDSTKQGNR
gl	8	-0.235968	0.668432	0.688959	0.269963	QANAQSSTDSTKQGNR
gl	9	0.375284	0.542404	0.813986	0.204802	QANAQSSTDSTKQGNR
gl	10	0.208534	0.422278	0.214457	0.392387	QANAQSSTDSTKQGNR
gl	11	-0.234977	0.734129	0.411264	0.761705	QANAQSSTDSTKQGNR
gl	12	0.932141	0.249261	0.379833	0.971081	QANAQSSTDSTKQGNR
gl	13	0.583238	0.256918	0.121831	0.300288	QANAQSSTDSTKQGNR
CG9895	1	0.980232	0.228570	0.311023	0.026567	KSHARDERRDHL
CG9895	2	-0.168868	0.923826	1.554582	0.532504	KSHARDERRDHL
CG9895	3	0.958244	0.324880	1.753837	0.884449	KSHARDERRDHL
CG9895	4	0.934790	0.473820	1.771887	0.448587	KSHARDERRDHL
CG9895	5	0.968615	0.157407	0.943905	1.007411	KSHARDERRDHL
CG9895	6	0.958813	0.328020	1.773962	0.884449	KSHARDERRDHL
CG9895	7	0.334192	0.586991	1.100843	0.282588	KSHARDERRDHL
CG9895	8	0.116177	0.660782	1.085944	0.035801	KSHARDERRDHL
CG9895	9	0.283012	0.601303	0.930718	0.200585	KSHARDERRDHL
CG9895	10	0.987865	0.095479	0.541076	0.318026	KSHARDERRDHL
lola-PA	1	0.693180	0.080358	0.027331	0.032724	RSARRDSR
lola-PA	2	0.559004	0.449586	0.084502	0.699471	RSARRDSR
lola-PA	3	-0.767626	0.785828	0.135932	0.981498	RSARRDSR
lola-PA	4	0.434506	0.510394	0.991657	0.560194	RSARRDSR
lola-PA	5	0.963279	0.378374	1.983966	0.822414	RSARRDSR
lola-PA	6	0.966503	0.460877	1.983966	0.488854	RSARRDSR
lola-PA	7	0.289978	0.513805	0.752491	0.184075	RSARRDSR
CG2052	1	-0.510021	0.395968	0.141263	0.172423	SHQQQSHQQSNQTSST
CG2052	2	0.615037	0.593318	0.517832	1.396355	SHQQQSHQQSNQTSST
CG2052	3	0.934253	0.451872	1.859684	0.662819	SHQQQSHQQSNQTSST
CG2052	4	0.887424	0.637187	1.962846	0.200270	SHQQQSHQQSNQTSST
CG2052	5	0.485017	0.749791	1.895197	0.424975	SHQQQSHQQSNQTSST
CG2052	6	0.590934	0.767407	1.962846	0.105702	SHQQQSHQQSNQTSST
CG2052	7	0.986357	0.619637	1.926090	0.151063	SHQQQSHQQSNQTSST
CG2052	8	0.798415	0.642391	1.702664	0.166019	SHQQQSHQQSNQTSST
CG2052	9	0.226343	0.346050	0.344316	0.105702	SHQQQSHQQSNQTSST
CG2052	10	0.835793	0.120855	0.110888	0.134229	SHQQQSHQQSNQTSST
CG2052	11	-0.067701	0.536326	0.027021	0.997080	SHQQQSHQQSNQTSST
CG2052	12	-0.554199	0.485982	0.025953	0.558806	SHQQQSHQQSNQTSST
CG2052	13	0.600750	0.176111	0.077040	0.127153	SHQQQSHQQSNQTSST
CG17181	1	0.899856	0.222491	0.038097	0.313476	SPAMRWLGDSNALSYK
CG17181	2	-0.488400	0.923855	0.033669	1.990053	SPAMRWLGDSNALSYK
CG17181	3	-0.557107	0.746573	0.114013	1.065367	SPAMRWLGDSNALSYK
CG17181	4	0.366278	0.260000	0.154501	0.146355	SPAMRWLGDSNALSYK
CG17181	5	-0.284000	0.829187	0.264888	1.273210	SPAMRWLGDSNALSYK
CG17181	6	0.153510	0.552778	0.863627	0.056268	SPAMRWLGDSNALSYK
CG17181	7	-0.366779	1.025690	1.734869	0.364153	SPAMRWLGDSNALSYK
CG17181	8	-0.291234	1.295728	1.798773	1.534331	SPAMRWLGDSNALSYK
CG17181	9	0.970151	0.231382	1.687409	1.287248	SPAMRWLGDSNALSYK
CG17181	10	0.993515	0.179218	1.841007	1.204606	SPAMRWLGDSNALSYK
CG17181	11	0.994073	0.113915	1.615318	1.326169	SPAMRWLGDSNALSYK
CG17181	12	0.999245	0.131528	1.334524	1.995815	SPAMRWLGDSNALSYK
CG17181	13	0.955772	0.220077	0.936608	0.644505	SPAMRWLGDSNALSYK
lola-PF	1	-0.487398	1.104694	1.938973	0.388653	DSSRQSHR
lola-PF	2	0.987681	0.325135	1.939416	0.771296	DSSRQSHR
lola-PF	3	0.902223	0.661068	1.951781	0.147576	DSSRQSHR
lola-PF	4	0.598723	0.708421	1.567580	0.060207	DSSRQSHR
lola-PF	5	-0.028593	0.435944	0.277923	0.272042	DSSRQSHR
lola-PF	6	0.210086	0.264458	0.195124	0.081123	DSSRQSHR
lola-PF	7	-0.418540	0.272643	0.076036	0.078744	DSSRQSHR
Blimp-1	1	0.088052	0.334386	0.067946	0.330206	QSNVQAHKSSNTQVHL
Blimp-1	2	0.705604	0.450689	0.552494	1.096213	QSNVQAHKSSNTQVHL
Blimp-1	3	0.989702	0.311432	0.611064	1.652599	QSNVQAHKSSNTQVHL
Blimp-1	4	-0.670822	0.803025	0.894959	0.186780	QSNVQAHKSSNTQVHL
Blimp-1	5	0.998440	0.092754	1.516203	1.889731	QSNVQAHKSSNTQVHL
Blimp-1	6	0.975503	0.299878	1.692469	0.827591	QSNVQAHKSSNTQVHL
Blimp-1	7	0.999244	0.029620	0.798292	0.733308	QSNVQAHKSSNTQVHL
Blimp-1	8	0.105048	0.899136	1.751851	0.649537	QSNVQAHKSSNTQVHL
Blimp-1	9	0.443386	0.776378	1.937964	0.287773	QSNVQAHKSSNTQVHL
Blimp-1	10	-0.172876	0.825100	1.711887	0.002149	QSNVQAHKSSNTQVHL
Blimp-1	11	0.997760	0.090915	1.781364	1.452298	QSNVQAHKSSNTQVHL
Blimp-1	12	-0.479935	0.770423	0.930548	0.195516	QSNVQAHKSSNTQVHL
Blimp-1	13	0.961599	0.181400	0.596873	0.289840	QSNVQAHKSSNTQVHL
bowl	1	0.946649	0.616048	0.076961	1.488029	KYNIRDHDQRTV
bowl	2	0.692702	0.391422	0.169756	0.792834	KYNIRDHDQRTV
bowl	3	-0.426672	0.840726	0.523626	1.029800	KYNIRDHDQRTV
bowl	4	-0.062966	0.877065	1.667971	0.220623	KYNIRDHDQRTV
bowl	5	0.683058	0.422367	0.843906	0.874907	KYNIRDHDQRTV
bowl	6	0.980866	0.289140	1.984150	0.990323	KYNIRDHDQRTV
bowl	7	-0.819601	0.666813	0.953647	0.031895	KYNIRDHDQRTV
bowl	8	-0.240386	1.249114	1.701108	1.542980	KYNIRDHDQRTV
bowl	9	0.999998	0.003744	1.953775	1.979104	KYNIRDHDQRTV
bowl	10	-0.341356	1.317266	1.484293	1.849197	KYNIRDHDQRTV
ovo	1	-0.356282	0.508237	0.364860	0.181495	LRLRDFDRQCSS
ovo	2	0.986606	0.213721	1.834215	1.182958	LRLRDFDRQCSS
ovo	3	-0.356591	1.353554	1.620405	1.866581	LRLRDFDRQCSS
ovo	4	-0.522784	1.231590	1.888493	0.840407	LRLRDFDRQCSS
ovo	5	0.997709	0.140513	1.817547	1.254122	LRLRDFDRQCSS
ovo	6	-0.340836	1.352982	1.798932	1.689674	LRLRDFDRQCSS
ovo	7	0.570893	0.690391	1.826432	0.812361	LRLRDFDRQCSS
ovo	8	-0.683516	1.037867	0.365546	1.534947	LRLRDFDRQCSS
ovo	9	0.969772	0.169503	0.992164	0.852494	LRLRDFDRQCSS
ovo	10	0.768622	0.323303	0.399261	0.745668	LRLRDFDRQCSS
lola-PU	1	0.975809	0.135426	0.937503	1.059329	YKNRYHSM
lola-PU	2	0.994786	0.133687	1.986477	1.542486	YKNRYHSM
lola-PU	3	-0.421519	1.282778	1.745034	1.288227	YKNRYHSM
lola-PU	4	0.896349	0.580415	1.986477	0.326315	YKNRYHSM
lola-PU	5	-0.294910	1.239193	1.844384	1.206516	YKNRYHSM
lola-PU	6	-0.347469	1.358515	1.643528	1.891103	YKNRYHSM
lola-PU	7	-0.799405	0.736740	0.264900	0.978868	YKNRYHSM
fru	1	0.840127	0.148488	0.104572	0.279050	ISVHRDNA
fru	2	-0.594567	0.584852	0.082137	0.683147	ISVHRDNA
fru	3	0.788481	0.433766	0.348995	1.114692	ISVHRDNA
fru	4	-0.756550	0.887662	1.838225	0.009160	ISVHRDNA
fru	5	0.975681	0.197027	1.561989	1.201199	ISVHRDNA
fru	6	0.881806	0.560029	1.875876	0.423441	ISVHRDNA
fru	7	0.580222	0.696438	1.856381	0.532133	ISVHRDNA
lola-PY	1	0.762592	0.243270	0.185419	0.449361	TSRLRSHR
lola-PY	2	0.247604	0.671342	1.037617	0.680822	TSRLRSHR
lola-PY	3	0.698770	0.578203	1.226863	0.100857	TSRLRSHR
lola-PY	4	0.780624	0.733554	1.982705	0.098020	TSRLRSHR
lola-PY	5	0.994220	0.202621	1.982705	1.195394	TSRLRSHR
lola-PY	6	0.982654	0.162883	1.636601	1.321622	TSRLRSHR
lola-PY	7	0.614422	0.643745	0.937310	1.694347	TSRLRSHR
rn	1	0.310135	0.282392	0.046545	0.235581	NSYQQSHQQSNS
rn	2	-0.587160	0.473145	0.088169	0.344099	NSYQQSHQQSNS
rn	3	0.300200	0.317301	0.274903	0.130990	NSYQQSHQQSNS
rn	4	0.956581	0.483365	1.677664	0.319351	NSYQQSHQQSNS
rn	5	0.737528	0.690094	1.886617	0.207777	NSYQQSHQQSNS
rn	6	0.308561	0.818812	1.934876	0.130990	NSYQQSHQQSNS
rn	7	0.806962	0.691776	1.934876	0.145970	NSYQQSHQQSNS
rn	8	-0.296716	1.304472	1.659211	1.711534	NSYQQSHQQSNS
rn	9	0.750245	0.698053	1.791039	0.119877	NSYQQSHQQSNS
rn	10	0.339761	0.304876	0.218156	0.190770	NSYQQSHQQSNS
CG31670	1	0.682073	0.351119	0.716371	0.417301	AYNRQSTRRSTTQGNN
CG31670	2	-0.261790	1.188604	1.001326	1.998813	AYNRQSTRRSTTQGNN
CG31670	3	0.988701	0.591026	1.889250	0.179779	AYNRQSTRRSTTQGNN
CG31670	4	-0.359984	0.924224	1.505750	0.265789	AYNRQSTRRSTTQGNN
CG31670	5	-0.980568	0.873462	0.830991	0.385698	AYNRQSTRRSTTQGNN
CG31670	6	0.190206	0.656227	0.858023	0.550170	AYNRQSTRRSTTQGNN
CG31670	7	0.546912	0.707674	1.741200	0.314507	AYNRQSTRRSTTQGNN
CG31670	8	0.798125	0.484028	0.873014	1.501343	AYNRQSTRRSTTQGNN
CG31670	9	0.680905	0.546866	1.186206	0.110898	AYNRQSTRRSTTQGNN
CG31670	10	0.015948	0.825182	1.598270	0.152714	AYNRQSTRRSTTQGNN
CG31670	11	-0.401074	1.120415	1.459945	0.898697	AYNRQSTRRSTTQGNN
CG31670	12	0.260481	0.822783	0.194066	1.891649	AYNRQSTRRSTTQGNN
CG31670	13	0.633103	0.479266	0.109301	1.102772	AYNRQSTRRSTTQGNN
sqz	1	0.605459	0.237303	0.062231	0.235581	NSYQQSHQQSNS
sqz	2	-0.611595	0.563628	0.198706	0.344099	NSYQQSHQQSNS
sqz	3	0.325775	0.463147	0.700827	0.130990	NSYQQSHQQSNS
sqz	4	0.969264	0.528180	1.940371	0.319351	NSYQQSHQQSNS
sqz	5	0.733251	0.687283	1.867785	0.207777	NSYQQSHQQSNS
sqz	6	0.308561	0.821956	1.960892	0.130990	NSYQQSHQQSNS
sqz	7	0.806851	0.693667	1.950190	0.145970	NSYQQSHQQSNS
sqz	8	-0.302706	1.327287	1.795902	1.711534	NSYQQSHQQSNS
sqz	9	0.749629	0.713572	1.892563	0.119877	NSYQQSHQQSNS
sqz	10	0.924736	0.161017	0.473159	0.190770	NSYQQSHQQSNS
pho	1	0.296916	0.366220	0.339243	0.138950	DSAKESKRLFNTQTNS
pho	2	-0.307309	0.683148	0.949075	0.059049	DSAKESKRLFNTQTNS
pho	3	0.988832	0.114193	1.392507	1.540521	DSAKESKRLFNTQTNS
pho	4	0.997103	0.427457	1.929359	0.454953	DSAKESKRLFNTQTNS
pho	5	0.898049	0.483255	1.929359	0.697867	DSAKESKRLFNTQTNS
pho	6	0.975409	0.254288	1.929359	1.271399	DSAKESKRLFNTQTNS
pho	7	0.986419	0.198659	1.782278	1.215320	DSAKESKRLFNTQTNS
pho	8	0.951057	0.232546	0.245420	0.019457	DSAKESKRLFNTQTNS
pho	9	0.874754	0.392087	0.529822	1.171842	DSAKESKRLFNTQTNS
pho	10	0.897299	0.230633	0.693629	0.649410	DSAKESKRLFNTQTNS
pho	11	-0.543137	0.639041	0.284994	0.476257	DSAKESKRLFNTQTNS
pho	12	0.151621	0.221699	0.076855	0.090817	DSAKESKRLFNTQTNS
pho	13	-0.143625	0.228511	0.045045	0.079417	DSAKESKRLFNTQTNS
l(3)neo38	1	-0.005940	0.588254	0.745509	0.421243	DSLQRDHRREQLRDHK
l(3)neo38	2	0.910428	0.353892	1.271825	0.573574	DSLQRDHRREQLRDHK
l(3)neo38	3	0.977912	0.292318	1.910757	0.968323	DSLQRDHRREQLRDHK
l(3)neo38	4	0.962830	0.131594	0.568152	0.354635	DSLQRDHRREQLRDHK
l(3)neo38	5	0.434413	0.626173	0.198954	1.344057	DSLQRDHRREQLRDHK
l(3)neo38	6	0.991833	0.162971	1.459218	1.971829	DSLQRDHRREQLRDHK
l(3)neo38	7	0.742628	0.602600	1.757124	0.435221	DSLQRDHRREQLRDHK
l(3)neo38	8	0.983749	0.274831	1.545933	0.718957	DSLQRDHRREQLRDHK
l(3)neo38	9	0.977637	0.289423	1.888693	0.968323	DSLQRDHRREQLRDHK
l(3)neo38	10	0.994987	0.046298	0.584451	0.559628	DSLQRDHRREQLRDHK
l(3)neo38	11	0.050540	0.877431	0.111309	1.996422	DSLQRDHRREQLRDHK
l(3)neo38	12	0.569954	0.202781	0.155060	0.059738	DSLQRDHRREQLRDHK
l(3)neo38	13	-0.423613	0.280734	0.059267	0.090195	DSLQRDHRREQLRDHK
lola-PC	1	0.735324	0.207186	0.053728	0.250138	LSSNQMHR
lola-PC	2	0.637080	0.423522	0.018904	0.618084	LSSNQMHR
lola-PC	3	0.989919	0.252290	1.003677	1.907489	LSSNQMHR
lola-PC	4	0.954542	0.648562	1.986602	0.142631	LSSNQMHR
lola-PC	5	-0.624291	0.942728	1.033682	0.699945	LSSNQMHR
lola-PC	6	0.648485	0.674203	1.921903	0.518953	LSSNQMHR
lola-PC	7	0.452572	0.765894	1.914848	0.333887	LSSNQMHR
CG32830	1	-0.443942	0.719985	0.295827	0.679896	ERVQHNSN
CG32830	2	0.970842	0.268362	0.482440	1.181433	ERVQHNSN
CG32830	3	0.964330	0.298569	1.222038	1.989119	ERVQHNSN
CG32830	4	0.782928	0.586307	1.782223	0.439215	ERVQHNSN
CG32830	5	0.999564	0.035547	1.927316	1.806662	ERVQHNSN
CG32830	6	-0.264129	1.211137	1.942767	1.109611	ERVQHNSN
CG32830	7	0.167125	0.852347	1.863966	0.392369	ERVQHNSN
sens	1	-0.653124	0.706905	0.826733	0.106620	RSTTQSDKQSNT
sens	2	0.494450	0.750338	1.833566	0.249118	RSTTQSDKQSNT
sens	3	-0.253268	0.921120	1.758609	0.159355	RSTTQSDKQSNT
sens	4	0.836509	0.736921	1.859049	0.053694	RSTTQSDKQSNT
sens	5	0.999272	0.049978	1.636509	1.828320	RSTTQSDKQSNT
sens	6	-0.081080	0.730909	1.239527	0.159355	RSTTQSDKQSNT
sens	7	-0.274748	0.929066	1.102914	0.589859	RSTTQSDKQSNT
sens	8	0.449012	0.520060	0.489340	0.787785	RSTTQSDKQSNT
sens	9	0.690410	0.469767	0.951516	0.170391	RSTTQSDKQSNT
sens	10	0.221305	0.622150	1.009439	0.116268	RSTTQSDKQSNT
CG5669	1	0.212651	0.431589	0.467260	0.320856	KSHARDERRDHR
CG5669	2	0.997384	0.152269	1.224206	0.706808	KSHARDERRDHR
CG5669	3	0.977961	0.290917	1.899565	0.968344	KSHARDERRDHR
CG5669	4	0.966891	0.444653	1.888772	0.509195	KSHARDERRDHR
CG5669	5	0.877428	0.389241	1.426492	0.847671	KSHARDERRDHR
CG5669	6	0.977772	0.289607	1.885771	0.968344	KSHARDERRDHR
CG5669	7	0.854545	0.309873	1.001392	0.312619	KSHARDERRDHR
CG5669	8	0.967905	0.270601	0.890561	0.253119	KSHARDERRDHR
CG5669	9	0.888157	0.388774	0.994439	0.297854	KSHARDERRDHR
CG5669	10	0.913553	0.283906	0.885107	0.405222	KSHARDERRDHR
CG12236-PB	1	-0.176377	0.532575	0.415300	0.279274	TVNRNYSE
CG12236-PB	2	-0.262169	0.922063	1.646425	0.235102	TVNRNYSE
CG12236-PB	3	0.999935	0.034910	1.982331	1.760522	TVNRNYSE
CG12236-PB	4	0.103837	0.873584	1.982331	0.199887	TVNRNYSE
CG12236-PB	5	0.272189	0.874403	1.982331	0.883306	TVNRNYSE
CG12236-PB	6	-0.021734	0.912505	1.791848	0.492210	TVNRNYSE
CG12236-PB	7	-0.089233	0.787693	0.246609	1.209470	TVNRNYSE
vfl	1	-0.443625	1.077633	1.900503	0.371898	HTDRRDHK
vfl	2	0.987639	0.214840	1.726661	1.015765	HTDRRDHK
vfl	3	0.979679	0.271693	1.850891	0.997923	HTDRRDHK
vfl	4	0.666908	0.758825	1.881679	0.067345	HTDRRDHK
vfl	5	-0.432591	1.284676	1.905091	1.285140	HTDRRDHK
vfl	6	0.994754	0.258257	0.774911	1.742591	HTDRRDHK
vfl	7	-0.842882	0.930501	0.019349	1.957468	HTDRRDHK
sr	1	0.871900	0.275808	0.385146	0.876961	RDERRDHTRDER
sr	2	0.970526	0.321465	0.248768	1.116045	RDERRDHTRDER
sr	3	0.975696	0.303555	1.952847	0.969070	RDERRDHTRDER
sr	4	0.093328	0.559441	0.934804	0.133429	RDERRDHTRDER
sr	5	0.999535	0.022628	1.262415	1.267922	RDERRDHTRDER
sr	6	0.975976	0.306635	1.983815	0.969070	RDERRDHTRDER
sr	7	0.961968	0.426467	1.867022	0.566388	RDERRDHTRDER
sr	8	0.961270	0.264586	0.422004	1.116045	RDERRDHTRDER
sr	9	0.966765	0.171173	1.040543	0.969070	RDERRDHTRDER
sr	10	0.898808	0.177123	0.379814	0.462693	RDERRDHTRDER
disco	1	0.192836	0.356376	0.231433	0.225581	DGAISRSR
disco	2	0.901766	0.360081	0.249705	0.946394	DGAISRSR
disco	3	0.255343	0.524445	0.164570	0.711489	DGAISRSR
disco	4	0.746857	0.637949	1.889103	0.364206	DGAISRSR
disco	5	0.977370	0.196088	1.672091	1.315703	DGAISRSR
disco	6	0.013008	0.856615	1.819442	0.111291	DGAISRSR
disco	7	-0.420650	0.987086	1.734996	0.224578	DGAISRSR
klu	1	0.981797	0.140131	1.003649	1.176393	LDRKRDMRRDHTRDMR
klu	2	-0.786915	1.014184	0.564169	1.214884	LDRKRDMRRDHTRDMR
klu	3	0.976263	0.280717	1.793741	0.959421	LDRKRDMRRDHTRDMR
klu	4	0.186378	0.502468	0.810999	0.128340	LDRKRDMRRDHTRDMR
klu	5	0.983284	0.201549	1.587780	1.116133	LDRKRDMRRDHTRDMR
klu	6	0.976974	0.263404	1.690731	0.959421	LDRKRDMRRDHTRDMR
klu	7	0.986624	0.318796	1.773401	0.714106	LDRKRDMRRDHTRDMR
klu	8	-0.523816	1.088241	0.875186	1.214884	LDRKRDMRRDHTRDMR
klu	9	0.975500	0.278113	1.773401	0.959421	LDRKRDMRRDHTRDMR
klu	10	0.927440	0.263238	0.588078	0.952816	LDRKRDMRRDHTRDMR
klu	11	0.050352	0.798473	0.118112	1.581063	LDRKRDMRRDHTRDMR
klu	12	0.695361	0.358025	0.071306	0.659405	LDRKRDMRRDHTRDMR
klu	13	0.422244	0.360689	0.073014	0.409102	LDRKRDMRRDHTRDMR
Sp1	1	0.415196	0.411398	0.561366	0.374537	KSHARDERRDHK
Sp1	2	0.994116	0.108112	1.309065	1.077818	KSHARDERRDHK
Sp1	3	0.995598	0.159079	1.786920	1.190676	KSHARDERRDHK
Sp1	4	0.973311	0.413445	1.858447	0.560357	KSHARDERRDHK
Sp1	5	0.887849	0.365493	1.346025	0.819297	KSHARDERRDHK
Sp1	6	0.995265	0.151424	1.740484	1.190676	KSHARDERRDHK
Sp1	7	0.981020	0.163111	0.954060	0.429575	KSHARDERRDHK
Sp1	8	0.952932	0.153317	0.492038	0.556762	KSHARDERRDHK
Sp1	9	0.811100	0.293503	0.185333	0.533134	KSHARDERRDHK
Sp1	10	0.907723	0.199576	0.569333	0.524636	KSHARDERRDHK
shn-F1-2	1	-0.328873	1.006924	1.921166	0.344654	KSVKTSNK
shn-F1-2	2	0.956909	0.167368	0.923604	1.042777	KSVKTSNK
shn-F1-2	3	0.973708	0.284292	1.717162	0.944438	KSVKTSNK
shn-F1-2	4	0.821883	0.472455	1.118612	0.147428	KSVKTSNK
shn-F1-2	5	-0.239739	1.187838	1.159432	1.792145	KSVKTSNK
shn-F1-2	6	-0.339851	1.047197	1.545614	0.543085	KSVKTSNK
shn-F1-2	7	0.825205	0.325445	0.796654	0.555932	KSVKTSNK
phol	1	0.552040	0.193932	0.067434	0.164571	NSAKESKRLFNTQTNS
phol	2	-0.236118	0.668260	0.917076	0.057197	NSAKESKRLFNTQTNS
phol	3	0.993412	0.088463	1.450127	1.468709	NSAKESKRLFNTQTNS
phol	4	0.996604	0.395193	1.806107	0.476949	NSAKESKRLFNTQTNS
phol	5	0.989254	0.224961	1.765554	1.057611	NSAKESKRLFNTQTNS
phol	6	0.981293	0.228355	1.905792	1.296083	NSAKESKRLFNTQTNS
phol	7	0.984127	0.205804	1.784022	1.208777	NSAKESKRLFNTQTNS
phol	8	0.950345	0.232718	0.019443	0.245373	NSAKESKRLFNTQTNS
phol	9	0.975629	0.308427	1.236026	0.488555	NSAKESKRLFNTQTNS
phol	10	0.835167	0.552426	1.611059	0.362414	NSAKESKRLFNTQTNS
phol	11	-0.502771	1.105977	0.409162	1.983998	NSAKESKRLFNTQTNS
phol	12	0.813886	0.271909	0.117563	0.409065	NSAKESKRLFNTQTNS
phol	13	0.983702	0.336787	0.085058	0.673783	NSAKESKRLFNTQTNS
CG10267	1	0.510157	0.454752	0.105604	0.654191	YSVSYHSKLHHQ
CG10267	2	0.161463	0.568163	0.338601	0.972722	YSVSYHSKLHHQ
CG10267	3	0.956303	0.269055	1.140258	1.591491	YSVSYHSKLHHQ
CG10267	4	0.351506	0.785403	1.771051	0.135163	YSVSYHSKLHHQ
CG10267	5	-0.374209	1.274416	1.465785	1.564888	YSVSYHSKLHHQ
CG10267	6	0.984895	0.213845	1.209400	1.806512	YSVSYHSKLHHQ
CG10267	7	0.790344	0.395087	0.946109	0.524103	YSVSYHSKLHHQ
CG10267	8	-0.426033	1.218178	1.127437	1.529616	YSVSYHSKLHHQ
CG10267	9	-0.005017	1.025616	1.771051	1.085729	YSVSYHSKLHHQ
CG10267	10	0.800052	0.548741	0.754442	1.869769	YSVSYHSKLHHQ
