score
-344995.059211
-344623.715373
-345678.147645
-348038.536070
-343937.248439
-342202.212995
-345252.310312
-344061.996392
-345485.735700
-344101.290581
-344522.173794
-343105.319742
-343854.923423
-345640.533316
-345448.630964
-346380.521151
-345300.713571
-345239.313636
-346319.975273
-346710.040261
-344932.766270
-344125.145069
-345435.155587
-344775.374781
-344130.906463
-344649.504305
-346536.501528
-345341.069971
-345013.058964
-344565.235796
-347438.879565
-346382.679498
-343730.084905
-344807.416205
-347621.274677
-344882.157351
-344969.043202
-345608.068452
-344497.909623
-346512.219451
-344263.747712
-345768.226964
-346661.048902
-346511.185927
-343685.698168
-344886.499861
-345289.040674
-345229.552308
-346216.782714
-344100.043538
-346784.227080
-344185.228385
-344894.414448
-345563.497145
-347095.456211
-345651.831667
-344222.996112
-344536.691194
-345337.772805
-345190.854559
-347014.965834
-346060.988725
-345761.980648
-345316.915773
-344875.152724
-343717.222956
-345802.122417
-345987.113942
-346089.019143
-345023.503060
-344113.616613
-345179.210645
-344106.317130
-345293.325388
-343171.588220
-345372.555283
-346761.981827
-345347.585846
-345787.202601
-346496.753569
-343953.529128
-346743.106802
-343177.910296
-344075.146413
-346212.659898
-345373.054117
-340736.332964
-346000.039315
-346805.894880
-345589.108546
-344739.912457
-346701.380648
-347448.715033
-344278.258305
-346865.705864
-345206.334633
-344566.612149
-347121.670842
-345346.334109
-345560.415936
-346504.291624
-346241.214317
-346997.700098
-345760.749087
-344075.772090
-343739.633992
-344732.728748
-344468.182122
-345015.356295
-344224.758825
-344238.061762
-343576.339625
-345187.195385
-345794.191557
-343917.636724
-346673.265554
-345035.197540
-345701.231713
-346504.840371
-346112.768566
-343397.138073
-345587.716861
-344875.387335
-345866.854487
-347382.279384
-346027.913726
-345274.495558
-344277.492689
-346037.207841
-347013.525184
-344681.649552
-343935.599438
-344777.738144
-344632.028636
-346305.662238
-344691.955331
-345418.779903
-346706.218914
-344578.411074
-345317.993650
-345824.422390
-344648.508859
-346111.575621
-344894.459613
-345953.712116
-344495.407611
-345848.294958
-345742.758191
-347174.204898
-345118.921105
-343890.915165
-345110.277370
-346319.485991
-345028.652395
-345357.370252
-342810.939708
-344100.031945
-344018.227245
-346367.317983
-345736.801364
-345485.936039
-346546.400721
-345157.500913
-344508.270908
-342689.714814
-344263.642251
-346242.603547
-347477.782627
-344711.348705
-345853.338352
-345256.300227
-345964.457641
-345646.280915
-343148.274676
-346142.444348
-345074.914014
-345690.720877
-345734.691651
-343928.076794
-343387.193868
-344578.127941
-347587.681823
-346528.130340
-345138.075489
-345307.539193
-345310.767570
-346127.333016
-345958.670929
-345488.735119
-345106.883084
-343866.997682
-346130.139242
-346628.606112
-343116.048329
-347049.405473
-344177.652395
-344931.579941
-345253.048586
-345877.833666
-345353.683331
-345376.016033
-346018.759693
-344896.599110
-345307.047873
-345933.439173
-347470.117539
-345271.725627
-346294.691499
-345404.125268
-345452.846150
-346142.252365
-345424.106255
-345165.230130
-345138.047240
-344046.728782
-345920.817450
-345860.574387
-344393.390530
-345742.561839
-344782.008696
-346922.083450
-348011.931651
-343736.534376
-344414.330066
-344673.665726
-346634.155572
-344478.649790
-345272.219975
-346975.844023
-345717.918621
-346264.681271
-346032.330099
-345182.404076
-346968.981281
-347475.519346
-345727.519199
-344842.720172
-346021.671911
-344283.254143
-343379.073324
-344657.889679
-344791.848684
-345322.024400
-345726.912639
-344551.958706
-346563.830795
-346957.264111
-346173.217905
-347572.166421
-348005.506540
