score
-566481.822882
-567618.540331
-568405.138839
-567542.352435
-569056.225097
-564355.819394
-567640.159019
-564923.854860
-569472.386193
-568735.503794
-565565.188963
-567960.519160
-565330.296599
-564793.295383
-566548.356447
-568913.170670
-566639.000376
-565989.811284
-568794.312401
-568161.795497
-564600.818886
-567148.326734
-564711.015836
-568872.595174
-565553.205178
-568723.774323
-568774.575576
-567042.687383
-566907.156716
-565029.469154
-568065.384145
-566773.008756
-565895.081794
-569844.422108
-566158.512396
-568331.153112
-567690.606782
-564789.636826
-570484.315902
-568307.153853
-569068.136411
-567677.843152
-568308.950788
-568213.905077
-568597.319964
-568631.912556
-570930.890339
-567367.855939
-568091.251802
-568179.932423
-566689.715498
-567070.601457
-568302.638402
-564025.280726
-565306.587113
-567012.492179
-568551.367727
-568443.879183
-566648.606319
-566114.985952
-567621.685201
-568577.811149
-568351.591695
-568489.094401
-567628.524244
-568772.566013
-568930.059521
-567089.776068
-565014.350158
-568352.121635
-569377.237244
-566793.123846
-566609.965427
-568942.462819
-567445.248406
-569094.782760
-568543.073562
-567821.246687
-569024.353718
-567206.732507
-568043.579063
-567417.335558
-569588.667434
-568175.232041
-565433.456856
-569353.673079
-565605.115300
-568790.028114
-570540.280659
-566736.087308
-567342.064529
-568311.477626
-568837.913414
-568398.717898
-566361.309244
-568842.792602
-567567.821477
-569268.477045
-565338.228579
-565798.347092
