>ARX_L343Q/327..387
A | 0.237654  0.157247  0.033649  0.930845  0.987476  0.003904  0.037503  0.594792  0.284901 
C | 0.249182  0.329426  0.022389  0.015936  0.007885  0.004211  0.023802  0.020746  0.202819 
G | 0.279167  0.116955  0.015811  0.040471  0.001970  0.021768  0.073776  0.332857  0.338395 
T | 0.233997  0.396373  0.928151  0.012747  0.002668  0.970116  0.864919  0.051604  0.173885 

>CRX_V66I/38..98
A | 0.227094  0.200008  0.039986  0.963536  0.988252  0.000188  0.034885  0.032683  0.139456 
C | 0.247137  0.296879  0.004069  0.009805  0.008521  0.005070  0.910783  0.757668  0.362970 
G | 0.304677  0.125099  0.009140  0.011583  0.001349  0.074106  0.004314  0.040336  0.282965 
T | 0.221093  0.378014  0.946805  0.015076  0.001878  0.920637  0.050018  0.169313  0.214610 

>ESX1_K193R/138..198
A | 0.243599  0.153890  0.025916  0.556994  0.988004  0.004293  0.010746  0.588774  0.236963 
C | 0.254021  0.346911  0.002842  0.000000  0.007498  0.010220  0.019025  0.009085  0.255678 
G | 0.293055  0.117599  0.004408  0.418689  0.001824  0.006224  0.100469  0.369052  0.335861 
T | 0.209325  0.381599  0.966833  0.024317  0.002674  0.979263  0.869760  0.033089  0.171498 

>HESX1_E149K/107..167
A | 0.214141  0.198122  0.059684  0.910528  0.984694  0.009479  0.056346  0.387502  0.232387 
C | 0.265123  0.303506  0.022628  0.006040  0.006009  0.012217  0.052190  0.047317  0.240715 
G | 0.303099  0.145770  0.010845  0.062979  0.003921  0.012063  0.086258  0.495077  0.356269 
T | 0.217637  0.352602  0.906843  0.020453  0.005376  0.966241  0.805205  0.070104  0.170630 

>HESX1_N125S/107..167
A | 0.214141  0.198122  0.059684  0.910528  0.984694  0.009479  0.056346  0.387502  0.232387 
C | 0.265123  0.303506  0.022628  0.006040  0.006009  0.012217  0.052190  0.047317  0.240715 
G | 0.303099  0.145770  0.010845  0.062979  0.003921  0.012063  0.086258  0.495077  0.356269 
T | 0.217637  0.352602  0.906843  0.020453  0.005376  0.966241  0.805205  0.070104  0.170630 

>HESX1_R160C/107..167
A | 0.214141  0.198122  0.059684  0.910528  0.984694  0.009479  0.056346  0.387502  0.232387 
C | 0.265123  0.303506  0.022628  0.006040  0.006009  0.012217  0.052190  0.047317  0.240715 
G | 0.303099  0.145770  0.010845  0.062979  0.003921  0.012063  0.086258  0.495077  0.356269 
T | 0.217637  0.352602  0.906843  0.020453  0.005376  0.966241  0.805205  0.070104  0.170630 

>HOXB7_K191R/136..196
A | 0.221732  0.176279  0.055108  0.274644  0.973054  0.025880  0.048795  0.559835  0.184750 
C | 0.242609  0.127539  0.027171  0.098359  0.005876  0.074001  0.059192  0.020707  0.382185 
G | 0.236230  0.159236  0.030200  0.523945  0.006291  0.011942  0.439314  0.353164  0.208936 
T | 0.299429  0.536947  0.887521  0.103052  0.014779  0.888178  0.452700  0.066294  0.224128 

>HOXB7_M190L/136..196
A | 0.221288  0.136785  0.058122  0.786704  0.975660  0.000000  0.119613  0.516185  0.168268 
C | 0.244098  0.160881  0.021115  0.021190  0.005893  0.065019  0.000000  0.009233  0.337385 
G | 0.230026  0.111360  0.025060  0.023989  0.006285  0.040248  0.242139  0.432353  0.291017 
T | 0.304589  0.590974  0.895703  0.168116  0.012162  0.894733  0.638248  0.042229  0.203330 

>HOXB7_R189C/136..196
A | 0.219772  0.139693  0.057840  0.768823  0.971107  0.008564  0.060923  0.516652  0.162174 
C | 0.243147  0.153446  0.027827  0.023733  0.005643  0.062076  0.050740  0.023235  0.409697 
G | 0.232953  0.114227  0.031231  0.013736  0.007069  0.025109  0.437174  0.394814  0.213997 
T | 0.304128  0.592633  0.883102  0.193707  0.016181  0.904251  0.451163  0.065299  0.214132 

>HOXC4_N178S/155..215
A | 0.226276  0.140165  0.048459  0.945641  0.982901  0.007592  0.057274  0.588871  0.182589 
C | 0.266051  0.316778  0.005937  0.012759  0.007316  0.030405  0.050496  0.023078  0.352012 
G | 0.288586  0.118315  0.008596  0.023052  0.003286  0.014717  0.473615  0.336410  0.263697 
T | 0.219088  0.424742  0.937008  0.018549  0.006497  0.947287  0.418616  0.051641  0.201702 

>HOXC4_R158L/155..215
A | 0.233246  0.124780  0.062281  0.851918  0.977978  0.016717  0.107642  0.606996  0.218751 
C | 0.237844  0.286499  0.056352  0.043894  0.007104  0.020163  0.106336  0.030327  0.323351 
G | 0.274938  0.149741  0.002313  0.073009  0.004516  0.006258  0.352867  0.302252  0.260142 
T | 0.253972  0.438980  0.879055  0.031180  0.010401  0.956862  0.433155  0.060425  0.197756 

>ARX_P353L/327..387
A | 0.237654  0.157247  0.033649  0.930845  0.987476  0.003904  0.037503  0.594792  0.284901 
C | 0.249182  0.329426  0.022389  0.015936  0.007885  0.004211  0.023802  0.020746  0.202819 
G | 0.279167  0.116955  0.015811  0.040471  0.001970  0.021768  0.073776  0.332857  0.338395 
T | 0.233997  0.396373  0.928151  0.012747  0.002668  0.970116  0.864919  0.051604  0.173885 

>HOXD13_I297V/275..335
A | 0.214780  0.047638  0.038666  0.226408  0.976712  0.013474  0.197812  0.554257  0.090864 
C | 0.136523  0.024602  0.019445  0.016110  0.005297  0.252872  0.016300  0.021494  0.233164 
G | 0.171361  0.021297  0.000831  0.032590  0.006204  0.043219  0.420108  0.371179  0.509870 
T | 0.477336  0.906463  0.941058  0.724892  0.011786  0.690434  0.365780  0.053070  0.166102 

>HOXD13_I322L/275..335
A | 0.216094  0.066823  0.040670  0.351105  0.979396  0.046354  0.165352  0.576427  0.116729 
C | 0.178857  0.082417  0.020543  0.000000  0.005338  0.218486  0.042741  0.000797  0.222523 
G | 0.179567  0.031484  0.004089  0.072725  0.005171  0.073834  0.388230  0.352341  0.494109 
T | 0.425483  0.819277  0.934698  0.576170  0.010095  0.661326  0.403677  0.070434  0.166639 

>HOXD13_N298S/275..335
A | 0.214780  0.047638  0.038666  0.226408  0.976712  0.013474  0.197812  0.554257  0.090864 
C | 0.136523  0.024602  0.019445  0.016110  0.005297  0.252872  0.016300  0.021494  0.233164 
G | 0.171361  0.021297  0.000831  0.032590  0.006204  0.043219  0.420108  0.371179  0.509870 
T | 0.477336  0.906463  0.941058  0.724892  0.011786  0.690434  0.365780  0.053070  0.166102 

>HOXD13_Q325K/275..335
A | 0.224744  0.055448  0.048911  0.245091  0.978780  0.087480  0.363522  0.071290  0.118210 
C | 0.170266  0.045429  0.033410  0.020711  0.005794  0.150216  0.546945  0.669045  0.268280 
G | 0.174771  0.034531  0.010746  0.055816  0.005275  0.046160  0.089532  0.075206  0.429174 
T | 0.430219  0.864593  0.906932  0.678381  0.010152  0.716144  0.000000  0.184459  0.184336 

>HOXD13_Q325R/275..335
A | 0.225750  0.052119  0.048310  0.242284  0.978071  0.188382  0.426563  0.294236  0.114968 
C | 0.167457  0.043675  0.021167  0.022752  0.005252  0.064962  0.186729  0.438400  0.233692 
G | 0.170344  0.031241  0.007035  0.053697  0.006034  0.142500  0.240194  0.026187  0.502009 
T | 0.436450  0.872966  0.923489  0.681266  0.010643  0.604156  0.146514  0.241178  0.149332 

>HOXD13_R306W/275..335
A | 0.214780  0.047638  0.038666  0.226408  0.976712  0.013474  0.197812  0.554257  0.090864 
C | 0.136523  0.024602  0.019445  0.016110  0.005297  0.252872  0.016300  0.021494  0.233164 
G | 0.171361  0.021297  0.000831  0.032590  0.006204  0.043219  0.420108  0.371179  0.509870 
T | 0.477336  0.906463  0.941058  0.724892  0.011786  0.690434  0.365780  0.053070  0.166102 

>HOXD13_S316C/275..335
A | 0.214780  0.047638  0.038666  0.226408  0.976712  0.013474  0.197812  0.554257  0.090864 
C | 0.136523  0.024602  0.019445  0.016110  0.005297  0.252872  0.016300  0.021494  0.233164 
G | 0.171361  0.021297  0.000831  0.032590  0.006204  0.043219  0.420108  0.371179  0.509870 
T | 0.477336  0.906463  0.941058  0.724892  0.011786  0.690434  0.365780  0.053070  0.166102 

>ISX_R83Q/81..141
A | 0.218500  0.173598  0.064119  0.899141  0.984564  0.009128  0.057412  0.346455  0.222424 
C | 0.267180  0.306279  0.022908  0.008214  0.007503  0.009944  0.047675  0.088608  0.246125 
G | 0.291668  0.136303  0.010480  0.071212  0.003156  0.013064  0.090803  0.451875  0.346372 
T | 0.222652  0.383820  0.902492  0.021433  0.004777  0.967863  0.804109  0.113062  0.185080 

>MSX2_P148H/141..201
A | 0.203516  0.249594  0.035997  0.910123  0.981857  0.009321  0.021481  0.323939  0.194554 
C | 0.251107  0.262730  0.026048  0.025335  0.009450  0.002864  0.028377  0.015042  0.286634 
G | 0.294466  0.179978  0.007158  0.033239  0.001667  0.009719  0.050920  0.612489  0.337281 
T | 0.250911  0.307698  0.930797  0.031304  0.007026  0.978095  0.899223  0.048530  0.181530 

>MSX2_R172H/141..201
A | 0.203516  0.249594  0.035997  0.910123  0.981857  0.009321  0.021481  0.323939  0.194554 
C | 0.251107  0.262730  0.026048  0.025335  0.009450  0.002864  0.028377  0.015042  0.286634 
G | 0.294466  0.179978  0.007158  0.033239  0.001667  0.009719  0.050920  0.612489  0.337281 
T | 0.250911  0.307698  0.930797  0.031304  0.007026  0.978095  0.899223  0.048530  0.181530 

>ARX_P353R/327..387
A | 0.237654  0.157247  0.033649  0.930845  0.987476  0.003904  0.037503  0.594792  0.284901 
C | 0.249182  0.329426  0.022389  0.015936  0.007885  0.004211  0.023802  0.020746  0.202819 
G | 0.279167  0.116955  0.015811  0.040471  0.001970  0.021768  0.073776  0.332857  0.338395 
T | 0.233997  0.396373  0.928151  0.012747  0.002668  0.970116  0.864919  0.051604  0.173885 

>NKX2-5_K183E/137..197
A | 0.205977  0.179194  0.054139  0.794911  0.982382  0.001710  0.105374  0.263385  0.091956 
C | 0.261973  0.105748  0.339535  0.002414  0.009823  0.008679  0.009398  0.002841  0.332970 
G | 0.237472  0.050931  0.134789  0.157408  0.001519  0.929569  0.062282  0.721456  0.373921 
T | 0.294578  0.664127  0.471536  0.045267  0.006276  0.060043  0.822947  0.012319  0.201154 

>NKX2-5_R161P/137..197
A | 0.205977  0.179194  0.054139  0.794911  0.982382  0.001710  0.105374  0.263385  0.091956 
C | 0.261973  0.105748  0.339535  0.002414  0.009823  0.008679  0.009398  0.002841  0.332970 
G | 0.237472  0.050931  0.134789  0.157408  0.001519  0.929569  0.062282  0.721456  0.373921 
T | 0.294578  0.664127  0.471536  0.045267  0.006276  0.060043  0.822947  0.012319  0.201154 

>NKX2-5_R190C/137..197
A | 0.205977  0.179194  0.054139  0.794911  0.982382  0.001710  0.105374  0.263385  0.091956 
C | 0.261973  0.105748  0.339535  0.002414  0.009823  0.008679  0.009398  0.002841  0.332970 
G | 0.237472  0.050931  0.134789  0.157408  0.001519  0.929569  0.062282  0.721456  0.373921 
T | 0.294578  0.664127  0.471536  0.045267  0.006276  0.060043  0.822947  0.012319  0.201154 

>NKX2-5_T178M/137..197
A | 0.205977  0.179194  0.054139  0.794911  0.982382  0.001710  0.105374  0.263385  0.091956 
C | 0.261973  0.105748  0.339535  0.002414  0.009823  0.008679  0.009398  0.002841  0.332970 
G | 0.237472  0.050931  0.134789  0.157408  0.001519  0.929569  0.062282  0.721456  0.373921 
T | 0.294578  0.664127  0.471536  0.045267  0.006276  0.060043  0.822947  0.012319  0.201154 

>NKX2-8_A94T/83..143
A | 0.205977  0.179194  0.054139  0.794911  0.982382  0.001710  0.105374  0.263385  0.091956 
C | 0.261973  0.105748  0.339535  0.002414  0.009823  0.008679  0.009398  0.002841  0.332970 
G | 0.237472  0.050931  0.134789  0.157408  0.001519  0.929569  0.062282  0.721456  0.373921 
T | 0.294578  0.664127  0.471536  0.045267  0.006276  0.060043  0.822947  0.012319  0.201154 

>PBX4_R215Q/209..272
A | 0.234341  0.185918  0.035177  0.180170  0.975345  0.000000  0.364789  0.334942  0.234032 
C | 0.225980  0.131090  0.017558  0.018715  0.007175  0.413974  0.114421  0.191537  0.236048 
G | 0.207412  0.154967  0.026523  0.736596  0.004214  0.086897  0.284911  0.263678  0.350176 
T | 0.332266  0.528024  0.920742  0.064520  0.013265  0.499129  0.235878  0.209844  0.179744 

>PHOX2B_Q143R/97..157
A | 0.217914  0.205928  0.028666  0.955995  0.986714  0.006174  0.045356  0.450233  0.280970 
C | 0.257407  0.296355  0.014123  0.010823  0.005942  0.013941  0.045452  0.053692  0.191599 
G | 0.306692  0.124661  0.004605  0.021601  0.003439  0.006683  0.071742  0.408801  0.381023 
T | 0.217986  0.373056  0.952606  0.011581  0.003905  0.973202  0.837451  0.087274  0.146408 

>PHOX2B_R100L/97..157
A | 0.221692  0.209609  0.049504  0.905746  0.984170  0.008783  0.060703  0.462181  0.293408 
C | 0.255850  0.242660  0.060735  0.042122  0.007038  0.012170  0.060615  0.056013  0.197620 
G | 0.285871  0.153304  0.000000  0.048215  0.003197  0.005947  0.054343  0.401394  0.347249 
T | 0.236586  0.394427  0.889761  0.003917  0.005594  0.973100  0.824340  0.080412  0.161722 

>PHOX2B_R141G/97..157
A | 0.217914  0.205928  0.028666  0.955995  0.986714  0.006174  0.045356  0.450233  0.280970 
C | 0.257407  0.296355  0.014123  0.010823  0.005942  0.013941  0.045452  0.053692  0.191599 
G | 0.306692  0.124661  0.004605  0.021601  0.003439  0.006683  0.071742  0.408801  0.381023 
T | 0.217986  0.373056  0.952606  0.011581  0.003905  0.973202  0.837451  0.087274  0.146408 

>PHOX2B_R141Q/97..157
A | 0.217914  0.205928  0.028666  0.955995  0.986714  0.006174  0.045356  0.450233  0.280970 
C | 0.257407  0.296355  0.014123  0.010823  0.005942  0.013941  0.045452  0.053692  0.191599 
G | 0.306692  0.124661  0.004605  0.021601  0.003439  0.006683  0.071742  0.408801  0.381023 
T | 0.217986  0.373056  0.952606  0.011581  0.003905  0.973202  0.837451  0.087274  0.146408 

>ARX_R332H/327..387
A | 0.237654  0.157247  0.033649  0.930845  0.987476  0.003904  0.037503  0.594792  0.284901 
C | 0.249182  0.329426  0.022389  0.015936  0.007885  0.004211  0.023802  0.020746  0.202819 
G | 0.279167  0.116955  0.015811  0.040471  0.001970  0.021768  0.073776  0.332857  0.338395 
T | 0.233997  0.396373  0.928151  0.012747  0.002668  0.970116  0.864919  0.051604  0.173885 

>PITX2_L100Q/84..144
A | 0.232447  0.163015  0.026707  0.978191  0.988837  0.002597  0.019092  0.022218  0.162668 
C | 0.239233  0.285409  0.007703  0.003606  0.006570  0.002873  0.949065  0.839618  0.399089 
G | 0.330261  0.098886  0.001127  0.010998  0.002839  0.043411  0.001220  0.026014  0.229980 
T | 0.198059  0.452690  0.964462  0.007205  0.001754  0.951119  0.030623  0.112150  0.208264 

>PITX2_R108H/84..144
A | 0.232447  0.163015  0.026707  0.978191  0.988837  0.002597  0.019092  0.022218  0.162668 
C | 0.239233  0.285409  0.007703  0.003606  0.006570  0.002873  0.949065  0.839618  0.399089 
G | 0.330261  0.098886  0.001127  0.010998  0.002839  0.043411  0.001220  0.026014  0.229980 
T | 0.198059  0.452690  0.964462  0.007205  0.001754  0.951119  0.030623  0.112150  0.208264 

>PITX2_R130W/84..144
A | 0.232447  0.163015  0.026707  0.978191  0.988837  0.002597  0.019092  0.022218  0.162668 
C | 0.239233  0.285409  0.007703  0.003606  0.006570  0.002873  0.949065  0.839618  0.399089 
G | 0.330261  0.098886  0.001127  0.010998  0.002839  0.043411  0.001220  0.026014  0.229980 
T | 0.198059  0.452690  0.964462  0.007205  0.001754  0.951119  0.030623  0.112150  0.208264 

>PITX2_T114P/84..144
A | 0.232447  0.163015  0.026707  0.978191  0.988837  0.002597  0.019092  0.022218  0.162668 
C | 0.239233  0.285409  0.007703  0.003606  0.006570  0.002873  0.949065  0.839618  0.399089 
G | 0.330261  0.098886  0.001127  0.010998  0.002839  0.043411  0.001220  0.026014  0.229980 
T | 0.198059  0.452690  0.964462  0.007205  0.001754  0.951119  0.030623  0.112150  0.208264 

>PROP1_R112Q/68..128
A | 0.237654  0.157247  0.033649  0.930845  0.987476  0.003904  0.037503  0.594792  0.284901 
C | 0.249182  0.329426  0.022389  0.015936  0.007885  0.004211  0.023802  0.020746  0.202819 
G | 0.279167  0.116955  0.015811  0.040471  0.001970  0.021768  0.073776  0.332857  0.338395 
T | 0.233997  0.396373  0.928151  0.012747  0.002668  0.970116  0.864919  0.051604  0.173885 

>PROP1_R99Q/68..128
A | 0.237654  0.157247  0.033649  0.930845  0.987476  0.003904  0.037503  0.594792  0.284901 
C | 0.249182  0.329426  0.022389  0.015936  0.007885  0.004211  0.023802  0.020746  0.202819 
G | 0.279167  0.116955  0.015811  0.040471  0.001970  0.021768  0.073776  0.332857  0.338395 
T | 0.233997  0.396373  0.928151  0.012747  0.002668  0.970116  0.864919  0.051604  0.173885 

>SIX6_H141N/127..187
A | 0.275922  0.254145  0.061315  0.075651  0.979009  0.015081  0.799423  0.144094  0.189742 
C | 0.227527  0.202264  0.153469  0.028266  0.008852  0.064483  0.172222  0.479684  0.340687 
G | 0.236075  0.288957  0.060166  0.810630  0.001653  0.016953  0.024699  0.161234  0.251722 
T | 0.260476  0.254634  0.725050  0.085453  0.010486  0.903483  0.003657  0.214988  0.217848 

>SIX6_T165A/127..187
A | 0.275922  0.254145  0.061315  0.075651  0.979009  0.015081  0.799423  0.144094  0.189742 
C | 0.227527  0.202264  0.153469  0.028266  0.008852  0.064483  0.172222  0.479684  0.340687 
G | 0.236075  0.288957  0.060166  0.810630  0.001653  0.016953  0.024699  0.161234  0.251722 
T | 0.260476  0.254634  0.725050  0.085453  0.010486  0.903483  0.003657  0.214988  0.217848 

>VAX2_L139M/101..161
A | 0.224190  0.140203  0.032243  0.970993  0.988568  0.028238  0.105710  0.609032  0.220394 
C | 0.265708  0.353406  0.006191  0.009466  0.006621  0.012167  0.054288  0.022590  0.270488 
G | 0.300221  0.129020  0.002232  0.014397  0.002868  0.020511  0.314942  0.316389  0.351760 
T | 0.209881  0.377371  0.959334  0.005145  0.001942  0.939084  0.525060  0.051990  0.157358 

>VENTX_E101K/90..150
A | 0.221347  0.228716  0.029561  0.972973  0.985813  0.025302  0.024857  0.261735  0.218132 
C | 0.257060  0.267579  0.004531  0.005258  0.006607  0.050052  0.180267  0.029998  0.246697 
G | 0.305542  0.142852  0.003314  0.014337  0.003184  0.021871  0.349168  0.621382  0.365713 
T | 0.216051  0.360854  0.962594  0.007432  0.004397  0.902775  0.445707  0.086885  0.169458 

>ARX_T333N/327..387
A | 0.240861  0.159433  0.197612  0.855152  0.984454  0.007954  0.049001  0.601209  0.280708 
C | 0.246368  0.281856  0.001787  0.020289  0.008313  0.004968  0.020201  0.020154  0.239664 
G | 0.272306  0.112181  0.043314  0.075698  0.001978  0.031905  0.084647  0.331946  0.313367 
T | 0.240465  0.446530  0.757287  0.048861  0.005255  0.955173  0.846151  0.046691  0.166261 

>VENTX_R143C/90..150
A | 0.221347  0.228716  0.029561  0.972973  0.985813  0.025302  0.024857  0.261735  0.218132 
C | 0.257060  0.267579  0.004531  0.005258  0.006607  0.050052  0.180267  0.029998  0.246697 
G | 0.305542  0.142852  0.003314  0.014337  0.003184  0.021871  0.349168  0.621382  0.365713 
T | 0.216051  0.360854  0.962594  0.007432  0.004397  0.902775  0.445707  0.086885  0.169458 

>VSX1_G160D/163..223
A | 0.237654  0.157247  0.033649  0.930845  0.987476  0.003904  0.037503  0.594792  0.284901 
C | 0.249182  0.329426  0.022389  0.015936  0.007885  0.004211  0.023802  0.020746  0.202819 
G | 0.279167  0.116955  0.015811  0.040471  0.001970  0.021768  0.073776  0.332857  0.338395 
T | 0.233997  0.396373  0.928151  0.012747  0.002668  0.970116  0.864919  0.051604  0.173885 

>VSX1_Q175H/163..223
A | 0.237654  0.157247  0.033649  0.930845  0.987476  0.003904  0.037503  0.594792  0.284901 
C | 0.249182  0.329426  0.022389  0.015936  0.007885  0.004211  0.023802  0.020746  0.202819 
G | 0.279167  0.116955  0.015811  0.040471  0.001970  0.021768  0.073776  0.332857  0.338395 
T | 0.233997  0.396373  0.928151  0.012747  0.002668  0.970116  0.864919  0.051604  0.173885 

>VSX1_R166Q/163..223
A | 0.233755  0.172503  0.046717  0.730596  0.978585  0.004723  0.034726  0.583366  0.258893 
C | 0.257209  0.259089  0.061909  0.025183  0.008209  0.002727  0.018995  0.019099  0.228881 
G | 0.263158  0.138033  0.011472  0.210811  0.003390  0.013300  0.083387  0.357325  0.315765 
T | 0.245878  0.430375  0.879902  0.033409  0.009816  0.979250  0.862892  0.040210  0.196460 

>VSX2_R200P/147..207
A | 0.237654  0.157247  0.033649  0.930845  0.987476  0.003904  0.037503  0.594792  0.284901 
C | 0.249182  0.329426  0.022389  0.015936  0.007885  0.004211  0.023802  0.020746  0.202819 
G | 0.279167  0.116955  0.015811  0.040471  0.001970  0.021768  0.073776  0.332857  0.338395 
T | 0.233997  0.396373  0.928151  0.012747  0.002668  0.970116  0.864919  0.051604  0.173885 

>VSX2_R200Q/147..207
A | 0.237654  0.157247  0.033649  0.930845  0.987476  0.003904  0.037503  0.594792  0.284901 
C | 0.249182  0.329426  0.022389  0.015936  0.007885  0.004211  0.023802  0.020746  0.202819 
G | 0.279167  0.116955  0.015811  0.040471  0.001970  0.021768  0.073776  0.332857  0.338395 
T | 0.233997  0.396373  0.928151  0.012747  0.002668  0.970116  0.864919  0.051604  0.173885 

>CRX_E80A/38..98
A | 0.227094  0.200008  0.039986  0.963536  0.988252  0.000188  0.034885  0.032683  0.139456 
C | 0.247137  0.296879  0.004069  0.009805  0.008521  0.005070  0.910783  0.757668  0.362970 
G | 0.304677  0.125099  0.009140  0.011583  0.001349  0.074106  0.004314  0.040336  0.282965 
T | 0.221093  0.378014  0.946805  0.015076  0.001878  0.920637  0.050018  0.169313  0.214610 

>CRX_R41Q/38..98
A | 0.233850  0.220792  0.057815  0.720544  0.978665  0.000582  0.064216  0.019058  0.157928 
C | 0.246176  0.240007  0.063413  0.022850  0.009919  0.008120  0.870344  0.700404  0.368236 
G | 0.285352  0.160690  0.013954  0.202151  0.001620  0.066576  0.000000  0.081593  0.266824 
T | 0.234621  0.378511  0.864818  0.054455  0.009796  0.924722  0.065440  0.198946  0.207011 

>CRX_R41W/35..98
A | 0.232937  0.216153  0.078980  0.816481  0.977469  0.002775  0.055791  0.030483  0.166174 
C | 0.246879  0.238169  0.018493  0.037494  0.007520  0.007205  0.884197  0.754444  0.360589 
G | 0.285749  0.147323  0.021983  0.000000  0.004151  0.067778  0.000000  0.043077  0.278234 
T | 0.234435  0.398355  0.880544  0.146024  0.010860  0.922242  0.060012  0.171996  0.195004 

>CRX_R90W/38..98
A | 0.227094  0.200008  0.039986  0.963536  0.988252  0.000188  0.034885  0.032683  0.139456 
C | 0.247137  0.296879  0.004069  0.009805  0.008521  0.005070  0.910783  0.757668  0.362970 
G | 0.304677  0.125099  0.009140  0.011583  0.001349  0.074106  0.004314  0.040336  0.282965 
T | 0.221093  0.378014  0.946805  0.015076  0.001878  0.920637  0.050018  0.169313  0.214610 

