>10_TGG_KSVMQ/1..57
A | 0.253465  0.173838  0.032291  0.977085  0.989211  0.002679  0.043485  0.474189  0.304757 
C | 0.293763  0.297902  0.004008  0.005121  0.006904  0.004118  0.000000  0.221599  0.071012 
G | 0.249164  0.081760  0.001335  0.014711  0.002590  0.022127  0.782305  0.223865  0.589544 
T | 0.203608  0.446499  0.962366  0.003083  0.001295  0.971076  0.174210  0.080347  0.034686 

>1_TTT_RTVAA/1..57
A | 0.246716  0.133458  0.040997  0.840239  0.988616  0.008437  0.034765  0.956229  0.276990 
C | 0.266295  0.391426  0.048916  0.117579  0.005375  0.007029  0.012702  0.013431  0.076881 
G | 0.264205  0.107534  0.009032  0.024937  0.004132  0.009693  0.131135  0.017575  0.557467 
T | 0.222783  0.367582  0.901055  0.017245  0.001877  0.974842  0.821398  0.012765  0.088662 

>311_GTC_YRRGF/1..57
A | 0.178179  0.130464  0.058265  0.884468  0.991620  0.021096  0.199913  0.747555  0.157828 
C | 0.310780  0.291689  0.120842  0.002077  0.006261  0.026028  0.067672  0.216539  0.111733 
G | 0.226630  0.134443  0.066363  0.109526  0.002119  0.952876  0.018648  0.006147  0.668705 
T | 0.284412  0.443404  0.754530  0.003929  0.000000  0.000000  0.713766  0.029760  0.061734 

>31_GCT_KITKF/1..57
A | 0.200640  0.138738  0.056448  0.958129  0.990747  0.103132  0.397079  0.232217  0.091337 
C | 0.319566  0.293859  0.002660  0.013413  0.005104  0.000000  0.525905  0.612235  0.168404 
G | 0.258593  0.079097  0.012505  0.020834  0.003729  0.827542  0.010962  0.040273  0.627442 
T | 0.221201  0.488306  0.928387  0.007624  0.000421  0.069326  0.066054  0.115275  0.112817 

>32_GCC_VRLKY/1..57
A | 0.173427  0.121684  0.080521  0.965645  0.991253  0.056592  0.384628  0.157382  0.201379 
C | 0.344152  0.333895  0.011268  0.002642  0.006200  0.000000  0.597817  0.679128  0.226677 
G | 0.258790  0.098677  0.012608  0.031714  0.002546  0.856294  0.015504  0.042082  0.386809 
T | 0.223631  0.445743  0.895603  0.000000  0.000000  0.087113  0.002051  0.121408  0.185135 

>33_GCA_ALRQQ/1..57
A | 0.187757  0.127041  0.054268  0.852196  0.990352  0.022042  0.007850  0.894147  0.085376 
C | 0.306742  0.320261  0.134806  0.000000  0.006300  0.005681  0.121387  0.012777  0.033347 
G | 0.222290  0.149044  0.053448  0.134028  0.002549  0.836094  0.214684  0.093076  0.735235 
T | 0.283212  0.403655  0.757479  0.013777  0.000800  0.136182  0.656079  0.000000  0.146042 

>34_GAT_RTMRY/1..57
A | 0.177438  0.124348  0.062426  0.912476  0.980733  0.008372  0.771169  0.238571  0.200854 
C | 0.341447  0.284118  0.018173  0.000000  0.000000  0.061461  0.069430  0.602636  0.069226 
G | 0.242342  0.109031  0.023377  0.071755  0.012451  0.919226  0.025856  0.007115  0.689882 
T | 0.238773  0.482503  0.896024  0.015769  0.006816  0.010941  0.133545  0.151678  0.040038 

>35_GAG_VMRWY/1..57
A | 0.182740  0.136341  0.139347  0.689542  0.990962  0.036345  0.888545  0.061094  0.063496 
C | 0.303052  0.258221  0.077551  0.000000  0.005338  0.029746  0.016727  0.000000  0.017324 
G | 0.218901  0.131848  0.197333  0.296139  0.003700  0.933909  0.014725  0.892702  0.843147 
T | 0.295307  0.473590  0.585769  0.014319  0.000000  0.000000  0.080003  0.046204  0.076033 

>36_GAC_ATRRF/1..57
A | 0.200343  0.138578  0.070555  0.811158  0.991283  0.012114  0.746760  0.205432  0.126946 
C | 0.294124  0.274558  0.130191  0.000000  0.005050  0.021153  0.013367  0.677041  0.042610 
G | 0.235685  0.157087  0.095807  0.174472  0.003666  0.954419  0.037653  0.000000  0.791939 
T | 0.269848  0.429777  0.703448  0.014370  0.000000  0.012314  0.202220  0.117526  0.038505 

>37_GAA_RFQKF/1..57
A | 0.188583  0.134635  0.080852  0.878923  0.991709  0.263229  0.542777  0.470138  0.045134 
C | 0.303776  0.261483  0.014065  0.000000  0.005784  0.041655  0.311641  0.409769  0.173218 
G | 0.246871  0.096324  0.050735  0.113936  0.002507  0.695116  0.092717  0.042771  0.686265 
T | 0.260770  0.507558  0.854347  0.007142  0.000000  0.000000  0.052865  0.077322  0.095382 

>38_CTA_LHYAK/1..57
A | 0.246872  0.155226  0.048915  0.948096  0.985538  0.016656  0.014959  0.891140  0.144439 
C | 0.256917  0.247840  0.004081  0.004408  0.005864  0.949658  0.277047  0.047836  0.089816 
G | 0.246261  0.115310  0.011332  0.038073  0.004791  0.020736  0.122612  0.030379  0.645886 
T | 0.249949  0.481625  0.935672  0.009422  0.003806  0.012950  0.585382  0.030644  0.119859 

>39_CTA_IFNAK/1..57
A | 0.238692  0.159743  0.049769  0.951390  0.984599  0.000000  0.045064  0.864237  0.143372 
C | 0.261866  0.247012  0.006295  0.007497  0.006125  0.945154  0.329912  0.050477  0.110354 
G | 0.249118  0.109370  0.005295  0.034643  0.004309  0.028147  0.126530  0.033971  0.601010 
T | 0.250324  0.483874  0.938640  0.006471  0.004966  0.026699  0.498494  0.051314  0.145264 

>201_TGC_VRVSQ/1..57
A | 0.246051  0.173947  0.032420  0.977208  0.990251  0.001629  0.074804  0.302833  0.167701 
C | 0.289550  0.290052  0.007217  0.004626  0.005811  0.025614  0.004545  0.476755  0.016693 
G | 0.272146  0.083449  0.002166  0.015166  0.003022  0.010335  0.830120  0.016889  0.780813 
T | 0.192253  0.452552  0.958197  0.003001  0.000916  0.962422  0.090531  0.203523  0.034793 

>40_CGG_STRER/1..57
A | 0.220404  0.103938  0.064948  0.880191  0.986609  0.131118  0.239039  0.299425  0.238729 
C | 0.293948  0.275518  0.067633  0.003215  0.003565  0.556978  0.064009  0.013300  0.088917 
G | 0.218665  0.113249  0.049154  0.103681  0.006380  0.311905  0.558617  0.661941  0.588546 
T | 0.266984  0.507295  0.818264  0.012913  0.003447  0.000000  0.138335  0.025334  0.083809 

>41_CGC_RVMSR/1..57
A | 0.211684  0.123461  0.062662  0.893068  0.976305  0.000000  0.773787  0.133382  0.126043 
C | 0.294558  0.249908  0.013210  0.002335  0.000000  0.953179  0.019491  0.621324  0.000000 
G | 0.275146  0.124695  0.016181  0.087484  0.014734  0.027437  0.200485  0.036940  0.829072 
T | 0.218612  0.501935  0.907947  0.017113  0.008961  0.019384  0.006236  0.208354  0.044885 

>42_CGA_TFYAA/1..57
A | 0.243763  0.146835  0.056584  0.904923  0.986120  0.083704  0.158911  0.863699  0.187740 
C | 0.265746  0.320813  0.024907  0.038141  0.003984  0.705191  0.003793  0.061618  0.049258 
G | 0.246989  0.119318  0.032709  0.045124  0.006070  0.013833  0.454996  0.035695  0.653591 
T | 0.243502  0.413034  0.885800  0.011812  0.003827  0.197273  0.382301  0.038988  0.109412 

>43_CCT_MTNGK/1..57
A | 0.233329  0.157580  0.038132  0.959475  0.986574  0.000000  0.061472  0.556630  0.335894 
C | 0.263451  0.220632  0.002882  0.006111  0.007821  0.927707  0.478204  0.192492  0.156920 
G | 0.252207  0.094554  0.003502  0.029972  0.002174  0.041793  0.075258  0.114830  0.428246 
T | 0.251013  0.527233  0.955485  0.004442  0.003431  0.030500  0.385067  0.136048  0.078939 

>44_CCT_RGDSK/1..57
A | 0.231382  0.147242  0.047225  0.977987  0.984309  0.015705  0.064442  0.283444  0.136418 
C | 0.266465  0.233490  0.005703  0.003553  0.006581  0.931661  0.700767  0.537985  0.052692 
G | 0.256306  0.086448  0.024095  0.015322  0.004599  0.050038  0.085923  0.011073  0.759492 
T | 0.245847  0.532820  0.922977  0.003138  0.004512  0.002597  0.148867  0.167498  0.051397 

>45_CCG_RCYEK/1..57
A | 0.257442  0.151320  0.029230  0.974015  0.987447  0.021002  0.000000  0.498771  0.259328 
C | 0.268002  0.256085  0.000501  0.001399  0.006873  0.951498  0.567551  0.006130  0.175332 
G | 0.234748  0.105113  0.011555  0.019380  0.003418  0.027500  0.073258  0.485145  0.468158 
T | 0.239808  0.487482  0.958714  0.005206  0.002261  0.000000  0.359191  0.009954  0.097182 

>46_CCC_RLDSK/1..57
A | 0.231382  0.147242  0.047225  0.977987  0.984309  0.015705  0.064442  0.283444  0.136418 
C | 0.266465  0.233490  0.005703  0.003553  0.006581  0.931661  0.700767  0.537985  0.052692 
G | 0.256306  0.086448  0.024095  0.015322  0.004599  0.050038  0.085923  0.011073  0.759492 
T | 0.245847  0.532820  0.922977  0.003138  0.004512  0.002597  0.148867  0.167498  0.051397 

>47_CCA_KMTQK/1..57
A | 0.241350  0.173991  0.032673  0.969814  0.986860  0.017532  0.016429  0.708455  0.181912 
C | 0.280010  0.262409  0.002860  0.007369  0.006494  0.894090  0.434503  0.010211  0.087444 
G | 0.240045  0.121915  0.004216  0.016949  0.003754  0.013517  0.104228  0.260025  0.614328 
T | 0.238596  0.441685  0.960251  0.005868  0.002892  0.074861  0.444841  0.021309  0.116316 

>48_CCA_EHNAK/1..57
A | 0.238692  0.159743  0.049769  0.951390  0.984599  0.000000  0.045064  0.864237  0.143372 
C | 0.261866  0.247012  0.006295  0.007497  0.006125  0.945154  0.329912  0.050477  0.110354 
G | 0.249118  0.109370  0.005295  0.034643  0.004309  0.028147  0.126530  0.033971  0.601010 
T | 0.250324  0.483874  0.938640  0.006471  0.004966  0.026699  0.498494  0.051314  0.145264 

>49_CAT_LSQSR/1..57
A | 0.193328  0.127910  0.051124  0.860879  0.988968  0.143079  0.847651  0.166765  0.110071 
C | 0.288527  0.227333  0.013401  0.000000  0.004157  0.777316  0.029271  0.542059  0.010756 
G | 0.262559  0.132527  0.041189  0.121828  0.005365  0.079605  0.112528  0.068270  0.838803 
T | 0.255586  0.512229  0.894286  0.017293  0.001510  0.000000  0.010550  0.222906  0.040370 

>202_GTG_NAREF/1..57
A | 0.189413  0.135187  0.046488  0.894873  0.991311  0.000000  0.169347  0.461954  0.162866 
C | 0.306956  0.293047  0.136499  0.000000  0.005548  0.046744  0.084531  0.045433  0.094884 
G | 0.216968  0.136556  0.076762  0.099038  0.003141  0.921650  0.158136  0.478840  0.673640 
T | 0.286663  0.435210  0.740251  0.006089  0.000000  0.031607  0.587986  0.013773  0.068609 

>4_TTC_VRVSA/1..57
A | 0.255774  0.135167  0.022328  0.972565  0.989977  0.005271  0.310331  0.313429  0.153467 
C | 0.278283  0.311032  0.004434  0.010112  0.006009  0.014122  0.021304  0.485312  0.023927 
G | 0.293157  0.063820  0.002087  0.014773  0.003251  0.003736  0.373871  0.042371  0.767589 
T | 0.172786  0.489981  0.971151  0.002551  0.000763  0.976871  0.294494  0.158889  0.055016 

>51_CAG_MSHWR/1..57
A | 0.238550  0.136092  0.169182  0.742196  0.986619  0.022495  0.923202  0.058273  0.053611 
C | 0.251158  0.244300  0.045556  0.000000  0.002791  0.876940  0.008650  0.005262  0.031709 
G | 0.239087  0.118323  0.134485  0.227225  0.007227  0.100565  0.043621  0.893591  0.816224 
T | 0.271206  0.501285  0.650777  0.030579  0.003363  0.000000  0.024527  0.042875  0.098456 

>52_CAC_LGMRR/1..57
A | 0.228204  0.126170  0.081400  0.828681  0.967593  0.074431  0.860860  0.165941  0.305454 
C | 0.280773  0.250952  0.028188  0.000355  0.000000  0.760830  0.030113  0.730714  0.073056 
G | 0.253622  0.121242  0.030002  0.139807  0.019309  0.164740  0.077331  0.012514  0.597082 
T | 0.237401  0.501636  0.860411  0.031157  0.013098  0.000000  0.031696  0.090831  0.024408 

>53_CAC_ERVSR/1..57
A | 0.234463  0.130166  0.043167  0.901990  0.987831  0.050014  0.643250  0.194384  0.130715 
C | 0.278604  0.273235  0.041822  0.000993  0.004495  0.657239  0.039274  0.643969  0.000000 
G | 0.280030  0.100280  0.012026  0.071924  0.005360  0.000000  0.269324  0.014151  0.817379 
T | 0.206902  0.496319  0.902985  0.025094  0.002313  0.292747  0.048152  0.147496  0.051906 

>54_CAA_LMYQR/1..57
A | 0.240492  0.112340  0.052573  0.873930  0.986989  0.089433  0.488117  0.736826  0.187706 
C | 0.267377  0.249692  0.016730  0.006470  0.004886  0.733769  0.080618  0.061807  0.086058 
G | 0.247156  0.103845  0.007842  0.111625  0.005362  0.000000  0.130833  0.160020  0.602425 
T | 0.244975  0.534124  0.922854  0.007975  0.002763  0.176798  0.300433  0.041346  0.123812 

>55_CAA_LHYVR/1..57
A | 0.240796  0.135329  0.070719  0.876171  0.980104  0.072088  0.804569  0.764246  0.137388 
C | 0.277105  0.243405  0.001210  0.000000  0.000000  0.870325  0.024281  0.100687  0.132710 
G | 0.233769  0.120900  0.009412  0.106692  0.012466  0.057587  0.120672  0.079779  0.609964 
T | 0.248330  0.500366  0.918659  0.017136  0.007430  0.000000  0.050477  0.055288  0.119938 

>56_ATT_HRVQA/1..57
A | 0.241193  0.162981  0.028128  0.947573  0.988519  0.006060  0.036363  0.645190  0.262003 
C | 0.268759  0.303777  0.008154  0.020475  0.006658  0.015664  0.016830  0.003620  0.165428 
G | 0.279905  0.108671  0.000000  0.029485  0.002891  0.005361  0.136228  0.322574  0.447300 
T | 0.210142  0.424572  0.963718  0.002467  0.001932  0.972916  0.810579  0.028615  0.125268 

>57_ATG_LTYQW/1..57
A | 0.236369  0.153282  0.027463  0.923894  0.990188  0.685047  0.087065  0.310200  0.269210 
C | 0.281517  0.246657  0.000154  0.000000  0.006609  0.137827  0.058378  0.021394  0.115802 
G | 0.218691  0.104175  0.008669  0.032034  0.002836  0.151246  0.082172  0.668406  0.550369 
T | 0.263422  0.495887  0.963714  0.044072  0.000366  0.025879  0.772385  0.000000  0.064619 

>58_ATG_RVYQW/1..57
A | 0.236369  0.153282  0.027463  0.923894  0.990188  0.685047  0.087065  0.310200  0.269210 
C | 0.281517  0.246657  0.000154  0.000000  0.006609  0.137827  0.058378  0.021394  0.115802 
G | 0.218691  0.104175  0.008669  0.032034  0.002836  0.151246  0.082172  0.668406  0.550369 
T | 0.263422  0.495887  0.963714  0.044072  0.000366  0.025879  0.772385  0.000000  0.064619 

>59_ATC_TRMAF/1..57
A | 0.206452  0.128648  0.071072  0.919185  0.983591  0.092463  0.371417  0.797442  0.130102 
C | 0.295600  0.274567  0.017032  0.010747  0.000000  0.049592  0.000000  0.093598  0.065919 
G | 0.238113  0.102666  0.024857  0.063408  0.010878  0.820119  0.063171  0.000000  0.744157 
T | 0.259835  0.494118  0.887039  0.006660  0.005531  0.037825  0.565412  0.108960  0.059822 

>203_GTC_VQKRF/1..57
A | 0.216816  0.123734  0.092818  0.868385  0.991526  0.015367  0.700475  0.166159  0.147845 
C | 0.288558  0.266864  0.026376  0.000119  0.005100  0.018418  0.001735  0.706351  0.044988 
G | 0.237351  0.120913  0.070533  0.127258  0.003374  0.959719  0.102887  0.000000  0.771104 
T | 0.257274  0.488490  0.810272  0.004238  0.000000  0.006496  0.194903  0.127490  0.036064 

>5_TTC_TRVAA/1..57
A | 0.246716  0.133458  0.040997  0.840239  0.988616  0.008437  0.034765  0.956229  0.276990 
C | 0.266295  0.391426  0.048916  0.117579  0.005375  0.007029  0.012702  0.013431  0.076881 
G | 0.264205  0.107534  0.009032  0.024937  0.004132  0.009693  0.131135  0.017575  0.557467 
T | 0.222783  0.367582  0.901055  0.017245  0.001877  0.974842  0.821398  0.012765  0.088662 

>60_ATA_KTVQV/1..57
A | 0.249552  0.131007  0.017005  0.966403  0.989365  0.002411  0.067761  0.655439  0.201216 
C | 0.270599  0.326527  0.003526  0.010101  0.006628  0.180480  0.159231  0.092031  0.109740 
G | 0.271892  0.089835  0.001659  0.010382  0.002722  0.039929  0.281667  0.226074  0.575677 
T | 0.207957  0.452630  0.977811  0.013114  0.001286  0.777179  0.491341  0.026456  0.113367 

>61_AGT_KGKEW/1..57
A | 0.214464  0.135591  0.089582  0.926733  0.991449  0.042956  0.000000  0.094601  0.293091 
C | 0.297174  0.276947  0.013309  0.006597  0.005365  0.013763  0.048446  0.008660  0.102164 
G | 0.219384  0.123868  0.026660  0.061270  0.003186  0.921272  0.497947  0.893440  0.531543 
T | 0.268978  0.463594  0.870449  0.005400  0.000000  0.022009  0.453607  0.003299  0.073202 

>62_AGG_SHKEY/1..57
A | 0.182882  0.124432  0.095019  0.926520  0.991328  0.000000  0.047060  0.078129  0.249897 
C | 0.328474  0.303492  0.046533  0.000303  0.005786  0.006405  0.037284  0.000964  0.155435 
G | 0.229820  0.125495  0.038530  0.071057  0.002886  0.988657  0.473111  0.903853  0.479749 
T | 0.258824  0.446580  0.819918  0.002119  0.000000  0.004938  0.442545  0.017054  0.114920 

>63_AGC_QSRNV/1..57
A | 0.214148  0.135666  0.061886  0.793797  0.991265  0.456878  0.182489  0.360298  0.289025 
C | 0.295016  0.294265  0.097782  0.011191  0.005473  0.000000  0.012275  0.335634  0.068259 
G | 0.246015  0.117189  0.040908  0.080204  0.003262  0.409815  0.563561  0.000000  0.624827 
T | 0.244820  0.452880  0.799425  0.114808  0.000000  0.133307  0.241675  0.304068  0.017889 

>64_AGA_AFRAH/1..57
A | 0.192851  0.133719  0.074656  0.884666  0.990202  0.250813  0.311157  0.954275  0.102708 
C | 0.291789  0.287505  0.048081  0.000581  0.005130  0.025171  0.000000  0.021036  0.065176 
G | 0.225628  0.118057  0.043681  0.106113  0.003923  0.692249  0.202548  0.005959  0.757790 
T | 0.289732  0.460720  0.833582  0.008640  0.000746  0.031767  0.486295  0.018730  0.074327 

>65_AGA_GSRWY/1..57
A | 0.182740  0.136341  0.139347  0.689542  0.990962  0.036345  0.888545  0.061094  0.063496 
C | 0.303052  0.258221  0.077551  0.000000  0.005338  0.029746  0.016727  0.000000  0.017324 
G | 0.218901  0.131848  0.197333  0.296139  0.003700  0.933909  0.014725  0.892702  0.843147 
T | 0.295307  0.473590  0.585769  0.014319  0.000000  0.000000  0.080003  0.046204  0.076033 

>66_ACT_KTSHM/1..57
A | 0.218281  0.143126  0.044530  0.985060  0.988841  0.762339  0.087593  0.313037  0.170949 
C | 0.278557  0.248760  0.006790  0.002621  0.006748  0.050508  0.854744  0.275917  0.109687 
G | 0.310668  0.051649  0.008123  0.005166  0.002646  0.106153  0.057663  0.036142  0.660160 
T | 0.192494  0.556466  0.940557  0.007154  0.001765  0.081000  0.000000  0.374903  0.059204 

>67_ACT_MKYEK/1..57
A | 0.257442  0.151320  0.029230  0.974015  0.987447  0.021002  0.000000  0.498771  0.259328 
C | 0.268002  0.256085  0.000501  0.001399  0.006873  0.951498  0.567551  0.006130  0.175332 
G | 0.234748  0.105113  0.011555  0.019380  0.003418  0.027500  0.073258  0.485145  0.468158 
T | 0.239808  0.487482  0.958714  0.005206  0.002261  0.000000  0.359191  0.009954  0.097182 

>69_ACG_VKYER/1..57
A | 0.256592  0.108437  0.031641  0.934717  0.987393  0.001811  0.312219  0.369521  0.258151 
C | 0.270535  0.267794  0.002182  0.007215  0.004723  0.943808  0.154065  0.002599  0.172289 
G | 0.237504  0.084774  0.009742  0.057917  0.005390  0.052286  0.471767  0.612657  0.462710 
T | 0.235369  0.538995  0.956434  0.000151  0.002493  0.002095  0.061949  0.015224  0.106850 

>204_GCG_RTDRY/1..57
A | 0.170419  0.113626  0.045335  0.975349  0.989549  0.007268  0.649393  0.412676  0.097468 
C | 0.339060  0.281843  0.017542  0.004043  0.006041  0.036660  0.248273  0.351066  0.104858 
G | 0.243338  0.092060  0.010653  0.020608  0.003913  0.955889  0.034563  0.023426  0.719005 
T | 0.247182  0.512471  0.926469  0.000000  0.000497  0.000184  0.067771  0.212832  0.078669 

>6_TTA_VRVAA/1..57
A | 0.246716  0.133458  0.040997  0.840239  0.988616  0.008437  0.034765  0.956229  0.276990 
C | 0.266295  0.391426  0.048916  0.117579  0.005375  0.007029  0.012702  0.013431  0.076881 
G | 0.264205  0.107534  0.009032  0.024937  0.004132  0.009693  0.131135  0.017575  0.557467 
T | 0.222783  0.367582  0.901055  0.017245  0.001877  0.974842  0.821398  0.012765  0.088662 

>70_ACC_KTSHM/1..57
A | 0.218281  0.143126  0.044530  0.985060  0.988841  0.762339  0.087593  0.313037  0.170949 
C | 0.278557  0.248760  0.006790  0.002621  0.006748  0.050508  0.854744  0.275917  0.109687 
G | 0.310668  0.051649  0.008123  0.005166  0.002646  0.106153  0.057663  0.036142  0.660160 
T | 0.192494  0.556466  0.940557  0.007154  0.001765  0.081000  0.000000  0.374903  0.059204 

>71_ACA_MTNNR/1..57
A | 0.225288  0.110886  0.055054  0.905358  0.988140  0.058623  0.855005  0.211472  0.201049 
C | 0.276529  0.209582  0.009163  0.033264  0.005604  0.876232  0.020077  0.214221  0.189151 
G | 0.257858  0.100577  0.006140  0.050796  0.004135  0.040065  0.082399  0.423334  0.463721 
T | 0.240325  0.578955  0.929643  0.010582  0.002122  0.025079  0.042519  0.150974  0.146079 

>72_AAT_KMSNF/1..57
A | 0.196098  0.134409  0.027779  0.940290  0.991886  0.527067  0.800404  0.253308  0.115604 
C | 0.311356  0.250491  0.004975  0.028959  0.005470  0.006098  0.053203  0.323775  0.131512 
G | 0.260212  0.071479  0.016949  0.021407  0.002644  0.432146  0.004970  0.098530  0.687193 
T | 0.232334  0.543622  0.950297  0.009344  0.000000  0.034690  0.141423  0.324388  0.065691 

>73_AAT_KLTAF/1..57
A | 0.214164  0.140333  0.068506  0.908313  0.988691  0.125651  0.284275  0.832094  0.118001 
C | 0.293064  0.309979  0.013576  0.044141  0.003577  0.000000  0.010621  0.039904  0.076117 
G | 0.234368  0.085833  0.029784  0.024726  0.005553  0.792781  0.062569  0.037700  0.737323 
T | 0.258404  0.463855  0.888134  0.022820  0.002179  0.081568  0.642535  0.090302  0.068559 

>74_AAG_STSAH/1..57
A | 0.208719  0.115311  0.027683  0.946046  0.990538  0.554516  0.677010  0.788653  0.158824 
C | 0.283126  0.256236  0.004965  0.008278  0.005184  0.047731  0.110579  0.016838  0.113688 
G | 0.259313  0.079752  0.024281  0.035697  0.003736  0.309261  0.052031  0.038627  0.661317 
T | 0.248842  0.548701  0.943071  0.009979  0.000543  0.088492  0.160379  0.155882  0.066171 

>75_AAC_SISRF/1..57
A | 0.191713  0.131573  0.049491  0.927784  0.991482  0.293908  0.882594  0.063287  0.133608 
C | 0.311234  0.250525  0.006141  0.004784  0.004973  0.054207  0.052577  0.600969  0.140999 
G | 0.259264  0.072189  0.029056  0.064497  0.003545  0.651886  0.000000  0.043845  0.683612 
T | 0.237789  0.545713  0.915312  0.002935  0.000000  0.000000  0.064829  0.291898  0.041781 

>76_AAA_RAQWF/1..57
A | 0.201904  0.150198  0.153693  0.670255  0.991713  0.470734  0.941217  0.009698  0.057089 
C | 0.259693  0.194606  0.084061  0.000000  0.005479  0.021018  0.006256  0.032032  0.002053 
G | 0.206924  0.127676  0.206265  0.301639  0.002808  0.489951  0.015305  0.929377  0.906058 
T | 0.331478  0.527520  0.555981  0.028106  0.000000  0.018297  0.037223  0.028892  0.034799 

>77_AAA_KEYVH/1..57
A | 0.238698  0.135675  0.045939  0.927693  0.984997  0.513375  0.745397  0.673292  0.129679 
C | 0.294619  0.240829  0.000000  0.000000  0.001457  0.258063  0.056924  0.129594  0.096681 
G | 0.223169  0.102256  0.034440  0.059116  0.009084  0.219127  0.077985  0.137756  0.711657 
T | 0.243514  0.521240  0.919621  0.013191  0.004462  0.009435  0.119693  0.059358  0.061983 

>7_TTA_RVLRA/1..57
A | 0.235659  0.134097  0.063144  0.933543  0.989202  0.048188  0.136930  0.803474  0.173576 
C | 0.283745  0.309067  0.009634  0.005383  0.004906  0.025727  0.109852  0.160244  0.138826 
G | 0.270810  0.104816  0.003357  0.058039  0.004321  0.267439  0.144461  0.019135  0.553796 
T | 0.209786  0.452020  0.923865  0.003035  0.001571  0.658646  0.608757  0.017147  0.133803 

>205_GAA_TQRQW/1..57
A | 0.186314  0.131082  0.060539  0.850268  0.990775  0.108473  0.128908  0.757618  0.091385 
C | 0.301058  0.314570  0.137411  0.001145  0.006162  0.000000  0.050019  0.029694  0.039972 
G | 0.219622  0.146163  0.072063  0.127918  0.002903  0.814264  0.052458  0.212688  0.733671 
T | 0.293006  0.408185  0.729988  0.020670  0.000160  0.077263  0.768616  0.000000  0.134972 

>8_TGT_RVVSQ/1..57
A | 0.246051  0.173947  0.032420  0.977208  0.990251  0.001629  0.074804  0.302833  0.167701 
C | 0.289550  0.290052  0.007217  0.004626  0.005811  0.025614  0.004545  0.476755  0.016693 
G | 0.272146  0.083449  0.002166  0.015166  0.003022  0.010335  0.830120  0.016889  0.780813 
T | 0.192253  0.452552  0.958197  0.003001  0.000916  0.962422  0.090531  0.203523  0.034793 

>9_TGG_KTTQD/1..57
A | 0.241978  0.187312  0.041257  0.963845  0.988332  0.000000  0.073237  0.195264  0.240796 
C | 0.296021  0.264691  0.003593  0.008548  0.005494  0.082888  0.022279  0.002194  0.066623 
G | 0.236248  0.120401  0.010176  0.020332  0.004258  0.038856  0.650215  0.785420  0.615212 
T | 0.225752  0.427596  0.944974  0.007276  0.001916  0.878256  0.254269  0.017121  0.077369 

>207_CTT_ITYGK/1..57
A | 0.242894  0.147917  0.036793  0.948309  0.987947  0.006678  0.005069  0.727625  0.366593 
C | 0.255229  0.225450  0.000788  0.001844  0.007535  0.978740  0.277798  0.125438  0.182070 
G | 0.253831  0.107587  0.004923  0.038740  0.002492  0.014582  0.141781  0.019499  0.396075 
T | 0.248047  0.519046  0.957495  0.011107  0.002026  0.000000  0.575352  0.127439  0.055262 

>208_CTC_HFNRK/1..57
A | 0.225874  0.161755  0.046727  0.917144  0.984086  0.079175  0.216866  0.305160  0.254793 
C | 0.279021  0.232240  0.008964  0.003841  0.005646  0.697059  0.243410  0.598670  0.149143 
G | 0.244649  0.093621  0.011260  0.059187  0.004769  0.223767  0.032495  0.029688  0.534834 
T | 0.250456  0.512384  0.933049  0.019829  0.005500  0.000000  0.507230  0.066482  0.061230 

>209_CGC_PRDSR/1..57
A | 0.203511  0.100542  0.047717  0.928493  0.986068  0.001468  0.686074  0.202792  0.120859 
C | 0.284206  0.213678  0.006010  0.002159  0.005035  0.937060  0.066003  0.509988  0.044706 
G | 0.277635  0.093767  0.007985  0.057818  0.005758  0.060541  0.247923  0.024095  0.783875 
T | 0.234647  0.592013  0.938287  0.011531  0.003139  0.000931  0.000000  0.263126  0.050559 

>20_TAC_QRVSA/1..57
A | 0.255774  0.135167  0.022328  0.972565  0.989977  0.005271  0.310331  0.313429  0.153467 
C | 0.278283  0.311032  0.004434  0.010112  0.006009  0.014122  0.021304  0.485312  0.023927 
G | 0.293157  0.063820  0.002087  0.014773  0.003251  0.003736  0.373871  0.042371  0.767589 
T | 0.172786  0.489981  0.971151  0.002551  0.000763  0.976871  0.294494  0.158889  0.055016 

>11_TGA_KSVAQ/1..57
A | 0.245886  0.172108  0.043844  0.941873  0.989503  0.006380  0.022870  0.916329  0.269654 
C | 0.284150  0.315299  0.013066  0.034991  0.005607  0.019939  0.010905  0.023493  0.064186 
G | 0.255367  0.089923  0.001431  0.019303  0.003360  0.017444  0.676732  0.007657  0.606704 
T | 0.214597  0.422670  0.941659  0.003833  0.001530  0.956237  0.289493  0.052521  0.059457 

>210_CCG_RSNQK/1..57
A | 0.245891  0.150027  0.021468  0.983080  0.986834  0.000000  0.036900  0.508917  0.231817 
C | 0.276463  0.237448  0.003356  0.002653  0.007822  0.877811  0.474144  0.082893  0.131869 
G | 0.242116  0.079041  0.000541  0.013870  0.002525  0.061005  0.053233  0.408190  0.531258 
T | 0.235531  0.533484  0.974635  0.000398  0.002819  0.061184  0.435723  0.000000  0.105056 

>211_ATT_TKNQN/1..57
A | 0.243291  0.158536  0.037683  0.957937  0.988930  0.019909  0.099959  0.153128  0.249175 
C | 0.280384  0.244837  0.008793  0.000000  0.007506  0.202129  0.034963  0.016560  0.218350 
G | 0.251588  0.055799  0.006615  0.037921  0.002235  0.031534  0.086058  0.801397  0.412570 
T | 0.224737  0.540828  0.946908  0.004142  0.001330  0.746428  0.779021  0.028915  0.119904 

>212_ATA_RVTNA/1..57
A | 0.239443  0.173234  0.054606  0.739245  0.985812  0.039440  0.070049  0.761280  0.343973 
C | 0.276726  0.422424  0.028574  0.172405  0.002034  0.155167  0.072816  0.128628  0.091023 
G | 0.251908  0.145504  0.027425  0.017439  0.007412  0.072159  0.087535  0.076101  0.486670 
T | 0.231923  0.258838  0.889395  0.070911  0.004742  0.733234  0.769600  0.033990  0.078334 

>213_AGG_KMKES/1..57
A | 0.209891  0.127357  0.112723  0.908496  0.990972  0.003510  0.000000  0.079920  0.262457 
C | 0.305964  0.281623  0.041362  0.000000  0.005895  0.013572  0.059019  0.002267  0.081730 
G | 0.217453  0.120413  0.038091  0.086586  0.003133  0.953034  0.573370  0.902551  0.576719 
T | 0.266692  0.470607  0.807824  0.004918  0.000000  0.029884  0.367611  0.015261  0.079095 

>215_TTC_KRLAA/1..57
A | 0.239023  0.111139  0.082076  0.891482  0.988618  0.000000  0.047096  0.930816  0.210016 
C | 0.273519  0.356845  0.036861  0.043154  0.004500  0.114543  0.006397  0.029816  0.119118 
G | 0.263430  0.115017  0.014118  0.059996  0.004702  0.101530  0.192594  0.016242  0.508324 
T | 0.224028  0.416999  0.866945  0.005367  0.002180  0.783927  0.753913  0.023126  0.162542 

>216_TGC_NRVMM/1..57
A | 0.243517  0.175399  0.030063  0.968989  0.987027  0.005017  0.050315  0.362114  0.265416 
C | 0.280818  0.299613  0.002076  0.009358  0.007502  0.029745  0.071771  0.358993  0.092070 
G | 0.271303  0.085085  0.004499  0.020394  0.002998  0.068359  0.700496  0.095266  0.571895 
T | 0.204362  0.439902  0.963362  0.001260  0.002472  0.896879  0.177418  0.183628  0.070619 

>217_GGG_KSKEG/1..57
A | 0.210340  0.123135  0.097387  0.912936  0.991204  0.000000  0.002559  0.066987  0.312269 
C | 0.301511  0.285573  0.018759  0.000000  0.005787  0.015600  0.026126  0.005199  0.072511 
G | 0.218815  0.114773  0.026386  0.081250  0.003009  0.969456  0.691456  0.924878  0.554374 
T | 0.269334  0.476519  0.857467  0.005814  0.000000  0.014944  0.279858  0.002937  0.060846 

>218_CTG_KQNQK/1..57
A | 0.245891  0.150027  0.021468  0.983080  0.986834  0.000000  0.036900  0.508917  0.231817 
C | 0.276463  0.237448  0.003356  0.002653  0.007822  0.877811  0.474144  0.082893  0.131869 
G | 0.242116  0.079041  0.000541  0.013870  0.002525  0.061005  0.053233  0.408190  0.531258 
T | 0.235531  0.533484  0.974635  0.000398  0.002819  0.061184  0.435723  0.000000  0.105056 

>219_CTG_KVYER/1..57
A | 0.256592  0.108437  0.031641  0.934717  0.987393  0.001811  0.312219  0.369521  0.258151 
C | 0.270535  0.267794  0.002182  0.007215  0.004723  0.943808  0.154065  0.002599  0.172289 
G | 0.237504  0.084774  0.009742  0.057917  0.005390  0.052286  0.471767  0.612657  0.462710 
T | 0.235369  0.538995  0.956434  0.000151  0.002493  0.002095  0.061949  0.015224  0.106850 

>21_TAC_ERVSV/1..57
A | 0.245739  0.162121  0.029937  0.964754  0.990424  0.000000  0.303569  0.259660  0.190673 
C | 0.282096  0.276542  0.002654  0.006107  0.005735  0.100415  0.024710  0.517074  0.022344 
G | 0.266521  0.097166  0.004841  0.015248  0.003315  0.033590  0.493837  0.022001  0.766621 
T | 0.205643  0.464171  0.962568  0.013891  0.000526  0.865995  0.177883  0.201265  0.020362 

>12_TGA_RGVAA/1..57
A | 0.246716  0.133458  0.040997  0.840239  0.988616  0.008437  0.034765  0.956229  0.276990 
C | 0.266295  0.391426  0.048916  0.117579  0.005375  0.007029  0.012702  0.013431  0.076881 
G | 0.264205  0.107534  0.009032  0.024937  0.004132  0.009693  0.131135  0.017575  0.557467 
T | 0.222783  0.367582  0.901055  0.017245  0.001877  0.974842  0.821398  0.012765  0.088662 

>220_CTG_LTYQK/1..57
A | 0.244013  0.149530  0.031277  0.962025  0.987726  0.021185  0.060152  0.875506  0.173433 
C | 0.265508  0.253014  0.000818  0.000000  0.007342  0.957845  0.439087  0.037985  0.116499 
G | 0.245572  0.118591  0.003896  0.027484  0.003006  0.011414  0.068452  0.081565  0.592648 
T | 0.244906  0.478866  0.964009  0.010491  0.001926  0.009556  0.432310  0.004944  0.117420 

>221_CTG_RLYQK/1..57
A | 0.244013  0.149530  0.031277  0.962025  0.987726  0.021185  0.060152  0.875506  0.173433 
C | 0.265508  0.253014  0.000818  0.000000  0.007342  0.957845  0.439087  0.037985  0.116499 
G | 0.245572  0.118591  0.003896  0.027484  0.003006  0.011414  0.068452  0.081565  0.592648 
T | 0.244906  0.478866  0.964009  0.010491  0.001926  0.009556  0.432310  0.004944  0.117420 

>222_CTC_SKYGK/1..57
A | 0.242894  0.147917  0.036793  0.948309  0.987947  0.006678  0.005069  0.727625  0.366593 
C | 0.255229  0.225450  0.000788  0.001844  0.007535  0.978740  0.277798  0.125438  0.182070 
G | 0.253831  0.107587  0.004923  0.038740  0.002492  0.014582  0.141781  0.019499  0.396075 
T | 0.248047  0.519046  0.957495  0.011107  0.002026  0.000000  0.575352  0.127439  0.055262 

>223_CTC_RTFGK/1..57
A | 0.232773  0.158997  0.085335  0.884846  0.988255  0.068523  0.000000  0.724645  0.419027 
C | 0.261494  0.218728  0.012110  0.000000  0.007502  0.814799  0.248553  0.132714  0.130153 
G | 0.237282  0.126153  0.023941  0.081137  0.002079  0.116677  0.158211  0.023676  0.391438 
T | 0.268452  0.496122  0.878614  0.034017  0.002164  0.000000  0.593237  0.118966  0.059381 

>224_CCC_IMNSK/1..57
A | 0.234149  0.163020  0.053362  0.967993  0.986315  0.000000  0.076199  0.306756  0.157848 
C | 0.268684  0.234029  0.001424  0.001468  0.006488  0.913402  0.517503  0.496628  0.045807 
G | 0.254905  0.101796  0.006281  0.024218  0.003760  0.028386  0.095663  0.030704  0.744420 
T | 0.242262  0.501155  0.938933  0.006321  0.003437  0.058212  0.310635  0.165912  0.051924 

>225_AAC_SLQRF/1..57
A | 0.200835  0.130823  0.073473  0.813359  0.991509  0.394456  0.902184  0.072912  0.136530 
C | 0.282654  0.224607  0.030855  0.000490  0.005092  0.031527  0.016225  0.794051  0.028173 
G | 0.229691  0.118616  0.081390  0.174963  0.003399  0.553047  0.036830  0.045550  0.822020 
T | 0.286820  0.525953  0.814282  0.011189  0.000000  0.020971  0.044761  0.087487  0.013277 

>226_TTT_KMISA/1..57
A | 0.237573  0.161294  0.054104  0.953160  0.987868  0.000973  0.349139  0.312809  0.159536 
C | 0.274423  0.282052  0.006665  0.004398  0.005793  0.017065  0.016776  0.451639  0.020088 
G | 0.275470  0.090872  0.002666  0.039161  0.003861  0.007155  0.305240  0.045881  0.764121 
T | 0.212535  0.465782  0.936565  0.003281  0.002479  0.974807  0.328845  0.189670  0.056256 

>227_TTT_YRIAA/1..57
A | 0.234412  0.126698  0.049576  0.911485  0.986336  0.009667  0.042118  0.690370  0.199561 
C | 0.263820  0.323560  0.018411  0.029785  0.005238  0.016494  0.021430  0.098183  0.247690 
G | 0.265974  0.114659  0.007914  0.055398  0.004726  0.019673  0.075120  0.093368  0.363247 
T | 0.235794  0.435083  0.924098  0.003332  0.003700  0.954166  0.861332  0.118079  0.189502 

>228_TTG_KMLQA/1..57
A | 0.238221  0.149370  0.061405  0.939782  0.989098  0.000000  0.090229  0.583872  0.252548 
C | 0.283276  0.305109  0.007980  0.007196  0.006063  0.144448  0.014015  0.000000  0.102622 
G | 0.265772  0.120713  0.000000  0.051098  0.003136  0.047555  0.196535  0.378276  0.517250 
T | 0.212731  0.424808  0.930615  0.001923  0.001704  0.807998  0.699221  0.037852  0.127580 

>229_TTC_GRISA/1..57
A | 0.237573  0.161294  0.054104  0.953160  0.987868  0.000973  0.349139  0.312809  0.159536 
C | 0.274423  0.282052  0.006665  0.004398  0.005793  0.017065  0.016776  0.451639  0.020088 
G | 0.275470  0.090872  0.002666  0.039161  0.003861  0.007155  0.305240  0.045881  0.764121 
T | 0.212535  0.465782  0.936565  0.003281  0.002479  0.974807  0.328845  0.189670  0.056256 

>13_TCT_ATVKA/1..57
A | 0.238166  0.157611  0.040799  0.959451  0.990021  0.000000  0.106283  0.117277  0.181891 
C | 0.272777  0.312498  0.005079  0.017567  0.006398  0.010188  0.820890  0.795608  0.202375 
G | 0.286393  0.099734  0.002098  0.015095  0.002852  0.071526  0.000000  0.000000  0.443994 
T | 0.202664  0.430157  0.952024  0.007887  0.000729  0.918286  0.072827  0.087115  0.171741 

>22_TAA_RITAA/1..57
A | 0.240022  0.117997  0.059044  0.765912  0.983129  0.000000  0.037708  0.908051  0.307715 
C | 0.269111  0.486539  0.046218  0.125877  0.000293  0.128239  0.035992  0.020588  0.083231 
G | 0.251348  0.119160  0.047143  0.027246  0.009611  0.131517  0.101331  0.028466  0.524074 
T | 0.239519  0.276304  0.847595  0.080965  0.006968  0.740243  0.824969  0.042894  0.084980 

>230_TGC_ERISQ/1..57
A | 0.243537  0.166345  0.081452  0.957169  0.988657  0.000000  0.159974  0.240327  0.159725 
C | 0.273681  0.257205  0.004382  0.001369  0.006066  0.027786  0.039064  0.554038  0.019325 
G | 0.267613  0.109558  0.001920  0.036953  0.003157  0.031518  0.739870  0.017072  0.786732 
T | 0.215169  0.466892  0.912246  0.004509  0.002121  0.940696  0.061092  0.188563  0.034217 

>232_TCG_IKNQM/1..57
A | 0.237327  0.158763  0.021587  0.977216  0.986434  0.033632  0.067037  0.378620  0.235114 
C | 0.282688  0.240121  0.001708  0.004063  0.007858  0.180086  0.087589  0.024278  0.240107 
G | 0.275886  0.058240  0.001318  0.017006  0.002283  0.000000  0.458216  0.570133  0.396175 
T | 0.204098  0.542876  0.975387  0.001715  0.003425  0.786282  0.387158  0.026969  0.128604 

>233_TCG_VMNQQ/1..57
A | 0.235349  0.169962  0.047985  0.970659  0.989384  0.000000  0.107986  0.358759  0.256863 
C | 0.286711  0.222072  0.005335  0.003379  0.007112  0.239576  0.104504  0.027695  0.124913 
G | 0.246524  0.075555  0.000000  0.025962  0.002071  0.072185  0.334178  0.607092  0.530709 
T | 0.231416  0.532411  0.946680  0.000000  0.001433  0.688239  0.453332  0.006454  0.087516 

>234_TCA_AMVQR/1..57
A | 0.239406  0.110091  0.033826  0.887819  0.986878  0.033286  0.344451  0.707260  0.204858 
C | 0.260996  0.301329  0.081453  0.006206  0.005283  0.452351  0.181836  0.082490  0.148102 
G | 0.275218  0.097485  0.010362  0.096985  0.004769  0.000000  0.144514  0.191641  0.488337 
T | 0.224380  0.491095  0.874360  0.008991  0.003070  0.514363  0.329199  0.018609  0.158703 

>235_TAT_RAVSV/1..57
A | 0.245739  0.162121  0.029937  0.964754  0.990424  0.000000  0.303569  0.259660  0.190673 
C | 0.282096  0.276542  0.002654  0.006107  0.005735  0.100415  0.024710  0.517074  0.022344 
G | 0.266521  0.097166  0.004841  0.015248  0.003315  0.033590  0.493837  0.022001  0.766621 
T | 0.205643  0.464171  0.962568  0.013891  0.000526  0.865995  0.177883  0.201265  0.020362 

>236_TAG_KSTQM/1..57
A | 0.241787  0.166153  0.030908  0.966221  0.986496  0.008024  0.081655  0.294149  0.265816 
C | 0.282221  0.275504  0.002446  0.006027  0.006683  0.055522  0.049417  0.002101  0.133991 
G | 0.263893  0.100751  0.003444  0.021902  0.003401  0.019883  0.546868  0.659371  0.520779 
T | 0.212099  0.457593  0.963202  0.005850  0.003420  0.916571  0.322060  0.044379  0.079414 

>237_TAG_YAVNA/1..57
A | 0.246966  0.181466  0.080440  0.721859  0.989722  0.045609  0.053446  0.820159  0.324295 
C | 0.267962  0.312241  0.027804  0.200187  0.005663  0.021971  0.046989  0.094651  0.096427 
G | 0.266416  0.163781  0.035900  0.005925  0.003424  0.013010  0.108330  0.034876  0.504855 
T | 0.218656  0.342512  0.855855  0.072029  0.001190  0.919410  0.791235  0.050315  0.074423 

>238_TAC_QRISV/1..57
A | 0.259934  0.141443  0.050677  0.943957  0.988578  0.033191  0.388088  0.208975  0.177600 
C | 0.253282  0.288963  0.002305  0.006934  0.005925  0.035378  0.034356  0.580569  0.036024 
G | 0.286400  0.091781  0.002516  0.026085  0.003562  0.014797  0.407805  0.012644  0.754810 
T | 0.200384  0.477812  0.944502  0.023024  0.001936  0.916634  0.169751  0.197812  0.031565 

>239_TAA_RTVRA/1..57
A | 0.239573  0.155196  0.061313  0.916418  0.988931  0.074721  0.145033  0.812338  0.187831 
C | 0.277222  0.289441  0.010978  0.019948  0.005482  0.000000  0.109504  0.153157  0.075982 
G | 0.260854  0.107364  0.003804  0.054606  0.004023  0.185217  0.131702  0.012590  0.655694 
T | 0.222350  0.447998  0.923905  0.009028  0.001564  0.740061  0.613760  0.021915  0.080494 

>14_TCG_KGTQM/1..57
A | 0.241787  0.166153  0.030908  0.966221  0.986496  0.008024  0.081655  0.294149  0.265816 
C | 0.282221  0.275504  0.002446  0.006027  0.006683  0.055522  0.049417  0.002101  0.133991 
G | 0.263893  0.100751  0.003444  0.021902  0.003401  0.019883  0.546868  0.659371  0.520779 
T | 0.212099  0.457593  0.963202  0.005850  0.003420  0.916571  0.322060  0.044379  0.079414 

>23_GTT_GTRAY/1..57
A | 0.166378  0.131269  0.051331  0.846568  0.990380  0.018793  0.267376  0.879909  0.130238 
C | 0.321847  0.304519  0.122303  0.000000  0.005386  0.012305  0.000000  0.023210  0.039230 
G | 0.234385  0.133546  0.086019  0.145939  0.003796  0.967270  0.085676  0.059381  0.740745 
T | 0.277390  0.430667  0.740346  0.007493  0.000437  0.001632  0.646948  0.037500  0.089787 

>240_GTT_SSRGF/1..57
A | 0.178179  0.130464  0.058265  0.884468  0.991620  0.021096  0.199913  0.747555  0.157828 
C | 0.310780  0.291689  0.120842  0.002077  0.006261  0.026028  0.067672  0.216539  0.111733 
G | 0.226630  0.134443  0.066363  0.109526  0.002119  0.952876  0.018648  0.006147  0.668705 
T | 0.284412  0.443404  0.754530  0.003929  0.000000  0.000000  0.713766  0.029760  0.061734 

>241_GTT_GLRAF/1..57
A | 0.185132  0.133314  0.059351  0.874931  0.991306  0.031450  0.233447  0.899099  0.104191 
C | 0.298849  0.297597  0.127522  0.000000  0.005360  0.015458  0.000126  0.063891  0.056409 
G | 0.223520  0.139918  0.084138  0.116268  0.003334  0.951646  0.067560  0.000466  0.766037 
T | 0.292499  0.429171  0.728989  0.008800  0.000000  0.001446  0.698867  0.036544  0.073362 

>242_GTC_LQRGA/1..57
A | 0.188083  0.127684  0.070706  0.863437  0.989550  0.006319  0.021345  0.840429  0.219183 
C | 0.308592  0.304924  0.095221  0.002962  0.006019  0.034733  0.035683  0.130480  0.128325 
G | 0.232614  0.123831  0.050132  0.116666  0.003025  0.867026  0.058646  0.010126  0.563713 
T | 0.270711  0.443562  0.783941  0.016935  0.001406  0.091922  0.884326  0.018964  0.088779 

>243_GGT_ATKSM/1..57
A | 0.208456  0.134968  0.092383  0.927212  0.989784  0.047270  0.066646  0.545613  0.138200 
C | 0.303954  0.255251  0.002205  0.000000  0.006326  0.000000  0.132004  0.285273  0.026011 
G | 0.241000  0.100840  0.022221  0.068673  0.002916  0.852238  0.472264  0.034426  0.788456 
T | 0.246590  0.508940  0.883192  0.004115  0.000974  0.100492  0.329086  0.134688  0.047333 

>244_GGT_KMKSV/1..57
A | 0.220009  0.146012  0.122407  0.918173  0.991309  0.116594  0.158295  0.492559  0.168754 
C | 0.294597  0.280386  0.005444  0.004076  0.005652  0.000000  0.034159  0.341453  0.029822 
G | 0.245488  0.103700  0.024963  0.061082  0.003039  0.781150  0.456109  0.015596  0.768908 
T | 0.239906  0.469902  0.847186  0.016669  0.000000  0.102256  0.351437  0.150391  0.032516 

>245_GCT_RAVKW/1..57
A | 0.216525  0.138452  0.040836  0.964030  0.991171  0.079746  0.356592  0.132645  0.198656 
C | 0.291685  0.315882  0.009487  0.003010  0.006295  0.000000  0.574666  0.735624  0.217271 
G | 0.278854  0.091050  0.011704  0.023370  0.002533  0.655529  0.068742  0.013350  0.411196 
T | 0.212936  0.454616  0.937974  0.009590  0.000001  0.264726  0.000000  0.118380  0.172877 

>246_GCT_ISVKY/1..57
A | 0.190266  0.134455  0.064855  0.962418  0.991014  0.060288  0.370913  0.135451  0.179927 
C | 0.317657  0.324843  0.011836  0.005462  0.006484  0.000000  0.587084  0.680905  0.206855 
G | 0.279524  0.095766  0.013495  0.030446  0.002502  0.776033  0.042003  0.037914  0.447852 
T | 0.212554  0.444935  0.909814  0.001674  0.000000  0.163679  0.000000  0.145729  0.165366 

>247_GCG_RTDRS/1..57
A | 0.202446  0.125600  0.062444  0.971517  0.988135  0.000000  0.507631  0.495523  0.124654 
C | 0.313312  0.260728  0.017029  0.003721  0.005819  0.174204  0.309565  0.329437  0.117253 
G | 0.242332  0.081566  0.004168  0.024762  0.004577  0.688070  0.059096  0.000000  0.682345 
T | 0.241910  0.532105  0.916358  0.000000  0.001470  0.137726  0.123708  0.175040  0.075748 

>249_GCA_QLKQS/1..57
A | 0.202496  0.138665  0.140371  0.887225  0.990394  0.065583  0.029562  0.754191  0.140696 
C | 0.291969  0.295859  0.069649  0.000000  0.006600  0.000000  0.073572  0.042555  0.092650 
G | 0.231846  0.151976  0.079797  0.105503  0.002682  0.780099  0.171157  0.203254  0.636640 
T | 0.273688  0.413501  0.710183  0.007272  0.000324  0.154318  0.725709  0.000000  0.130014 

>15_TCC_RMIKS/1..57
A | 0.226950  0.146249  0.064059  0.974955  0.987868  0.013976  0.217303  0.089022  0.151010 
C | 0.284487  0.301454  0.008632  0.002528  0.007031  0.002885  0.735639  0.774825  0.248985 
G | 0.275643  0.101085  0.000000  0.018969  0.002880  0.118842  0.043845  0.025814  0.402787 
T | 0.212920  0.451212  0.927309  0.003548  0.002220  0.864297  0.003213  0.110339  0.197218 

>24_GTG_HLIQY/1..57
A | 0.186593  0.135104  0.064991  0.936795  0.987082  0.027871  0.091272  0.290227  0.128189 
C | 0.309921  0.317335  0.042810  0.006937  0.007006  0.000000  0.000000  0.000000  0.194398 
G | 0.256824  0.119915  0.049838  0.051719  0.002978  0.870087  0.096060  0.683120  0.503420 
T | 0.246661  0.427645  0.842361  0.004549  0.002933  0.102042  0.812668  0.026653  0.173994 

>250_GAT_AGKTF/1..57
A | 0.203664  0.119909  0.082782  0.908733  0.991807  0.013118  0.608044  0.256397  0.189394 
C | 0.303031  0.279441  0.015159  0.002297  0.005560  0.005381  0.000000  0.527269  0.080298 
G | 0.228303  0.119105  0.036333  0.088969  0.002633  0.975424  0.132226  0.062323  0.685102 
T | 0.265002  0.481544  0.865726  0.000000  0.000000  0.006076  0.259730  0.154011  0.045205 

>251_CTT_VGYSR/1..57
A | 0.215952  0.126830  0.053718  0.915783  0.987927  0.000000  0.688885  0.334205  0.165080 
C | 0.285483  0.240075  0.002529  0.001343  0.004349  0.984232  0.012712  0.427282  0.058568 
G | 0.267047  0.125530  0.002616  0.072395  0.005684  0.012132  0.259327  0.004643  0.744953 
T | 0.231518  0.507566  0.941137  0.010479  0.002040  0.003636  0.039076  0.233871  0.031400 

>252_CTC_LRYSK/1..57
A | 0.235195  0.154099  0.046929  0.946999  0.987563  0.007904  0.041765  0.490853  0.212749 
C | 0.267517  0.240590  0.000000  0.000000  0.006554  0.975723  0.376203  0.378852  0.096796 
G | 0.258706  0.113774  0.008095  0.037697  0.003612  0.008303  0.121731  0.000000  0.669534 
T | 0.238582  0.491537  0.944976  0.015304  0.002270  0.008070  0.460301  0.130295  0.020921 

>253_CGT_VANSR/1..57
A | 0.211058  0.120193  0.071599  0.929541  0.988088  0.000000  0.816715  0.191928  0.116051 
C | 0.284929  0.205891  0.002255  0.003263  0.005240  0.953674  0.029611  0.438035  0.020966 
G | 0.268830  0.129401  0.002060  0.063082  0.004762  0.021069  0.148479  0.072406  0.794783 
T | 0.235183  0.544515  0.924087  0.004114  0.001910  0.025257  0.005195  0.297631  0.068199 

>255_CCT_RADGK/1..57
A | 0.222164  0.143481  0.042126  0.967931  0.985974  0.020650  0.034274  0.590045  0.268767 
C | 0.266932  0.229549  0.006360  0.006007  0.007778  0.907530  0.597090  0.165929  0.152797 
G | 0.252042  0.094895  0.009763  0.023286  0.002623  0.071820  0.119220  0.035187  0.519295 
T | 0.258862  0.532075  0.941751  0.002776  0.003625  0.000000  0.249417  0.208839  0.059141 

>256_CCA_RLYQK/1..57
A | 0.244013  0.149530  0.031277  0.962025  0.987726  0.021185  0.060152  0.875506  0.173433 
C | 0.265508  0.253014  0.000818  0.000000  0.007342  0.957845  0.439087  0.037985  0.116499 
G | 0.245572  0.118591  0.003896  0.027484  0.003006  0.011414  0.068452  0.081565  0.592648 
T | 0.244906  0.478866  0.964009  0.010491  0.001926  0.009556  0.432310  0.004944  0.117420 

>257_CAT_KLCSR/1..57
A | 0.187158  0.113461  0.145938  0.908975  0.985107  0.000000  0.760984  0.185203  0.084092 
C | 0.320485  0.168651  0.015685  0.001634  0.001867  0.963847  0.018772  0.563035  0.000000 
G | 0.277797  0.064275  0.009217  0.079491  0.008571  0.018073  0.209284  0.026572  0.853650 
T | 0.214560  0.653614  0.829161  0.009899  0.004456  0.018079  0.010959  0.225189  0.062258 

>258_ATT_RTVQQ/1..57
A | 0.238030  0.162366  0.039582  0.971566  0.989297  0.007992  0.008014  0.721952  0.236785 
C | 0.276961  0.305695  0.005782  0.005029  0.006638  0.016825  0.073655  0.010402  0.142512 
G | 0.267707  0.111682  0.000000  0.020915  0.002359  0.026677  0.440265  0.257930  0.512163 
T | 0.217302  0.420256  0.954636  0.002490  0.001706  0.948506  0.478066  0.009716  0.108540 

>259_ATA_KMYAW/1..57
A | 0.240363  0.135277  0.033590  0.943688  0.989109  0.405912  0.264864  0.785228  0.180405 
C | 0.271997  0.257751  0.004641  0.005987  0.005267  0.301220  0.060471  0.080909  0.071225 
G | 0.219329  0.114838  0.009353  0.036472  0.004363  0.292868  0.259439  0.058256  0.652345 
T | 0.268311  0.492135  0.952415  0.013853  0.001261  0.000000  0.415225  0.075607  0.096025 

>168_ACG_SRYDR/1..57
A | 0.239214  0.104522  0.045125  0.935890  0.988216  0.029193  0.375080  0.649862  0.211212 
C | 0.260345  0.242280  0.005332  0.009051  0.004338  0.924279  0.094600  0.101364  0.199990 
G | 0.259809  0.075897  0.000000  0.054856  0.005485  0.046528  0.530320  0.125652  0.448541 
T | 0.240632  0.577301  0.949543  0.000203  0.001961  0.000000  0.000000  0.123122  0.140257 

>25_GTA_YTRQV/1..57
A | 0.199817  0.112003  0.055807  0.832571  0.990310  0.104406  0.011140  0.889090  0.104423 
C | 0.297136  0.349481  0.128495  0.000000  0.006172  0.027468  0.101888  0.047532  0.032901 
G | 0.245292  0.126088  0.046539  0.119959  0.003079  0.737292  0.173425  0.063378  0.724711 
T | 0.257755  0.412428  0.769159  0.047470  0.000439  0.130835  0.713548  0.000000  0.137965 

>260_ATA_KAYNA/1..57
A | 0.239852  0.178772  0.039432  0.840436  0.988488  0.118163  0.201909  0.744703  0.285249 
C | 0.277357  0.307894  0.015913  0.106678  0.004857  0.672559  0.023304  0.132286  0.088791 
G | 0.246648  0.136033  0.020734  0.011484  0.004547  0.000000  0.410785  0.044613  0.561697 
T | 0.236143  0.377302  0.923921  0.041402  0.002109  0.209278  0.364001  0.078399  0.064263 

>261_AGG_KSKEA/1..57
A | 0.211416  0.141251  0.100250  0.888984  0.990674  0.038949  0.000000  0.097293  0.296857 
C | 0.301091  0.293090  0.020677  0.002529  0.005485  0.000000  0.061829  0.007775  0.088005 
G | 0.225429  0.120776  0.030629  0.093357  0.003475  0.837117  0.512383  0.890406  0.535876 
T | 0.262064  0.444884  0.848443  0.015131  0.000366  0.123934  0.425788  0.004526  0.079261 

>262_AGA_QFRAW/1..57
A | 0.196611  0.144336  0.074884  0.858583  0.990493  0.095421  0.226070  0.926255  0.113421 
C | 0.290868  0.291898  0.085705  0.000000  0.005196  0.010554  0.001584  0.035983  0.061956 
G | 0.217803  0.126441  0.063937  0.128194  0.003780  0.850380  0.243624  0.010536  0.730647 
T | 0.294719  0.437325  0.775474  0.013223  0.000531  0.043644  0.528722  0.027226  0.093977 

>263_AGA_VRFAA/1..57
A | 0.227262  0.147762  0.102789  0.826289  0.988319  0.000000  0.027586  0.947274  0.199359 
C | 0.266383  0.312870  0.045799  0.026486  0.004265  0.175325  0.020182  0.021235  0.095234 
G | 0.239901  0.138347  0.043760  0.111860  0.005041  0.460250  0.161796  0.014301  0.560387 
T | 0.266454  0.401020  0.807651  0.035365  0.002374  0.364424  0.790436  0.017190  0.145020 

>264_ACT_KVYHV/1..57
A | 0.262149  0.159159  0.059271  0.922870  0.989599  0.620895  0.150726  0.435677  0.196902 
C | 0.257415  0.270432  0.006135  0.001415  0.005982  0.272958  0.679576  0.301952  0.134046 
G | 0.268030  0.078731  0.000000  0.015043  0.003330  0.000000  0.090450  0.014652  0.595155 
T | 0.212406  0.491678  0.934594  0.060672  0.001089  0.106146  0.079248  0.247719  0.073897 

>265_ACG_WYSKY/1..57
A | 0.166531  0.136267  0.077944  0.953112  0.991240  0.169533  0.418788  0.166399  0.177871 
C | 0.335907  0.314257  0.009505  0.001667  0.006162  0.052723  0.549330  0.450769  0.239999 
G | 0.277177  0.103498  0.016194  0.044295  0.002598  0.777744  0.031882  0.168663  0.418311 
T | 0.220386  0.445978  0.896357  0.000927  0.000000  0.000000  0.000000  0.214168  0.163819 

>266_ACC_KACHS/1..57
A | 0.212166  0.118243  0.225015  0.971548  0.985106  0.261734  0.452653  0.294024  0.153727 
C | 0.296434  0.170212  0.014860  0.002750  0.003347  0.398006  0.427499  0.458973  0.128184 
G | 0.238344  0.052734  0.000000  0.014628  0.006786  0.126512  0.016389  0.163582  0.626370 
T | 0.253057  0.658811  0.760125  0.011074  0.004760  0.213747  0.103458  0.083421  0.091720 

>267_ACA_RVSHT/1..57
A | 0.215185  0.132913  0.044006  0.972305  0.990253  0.675949  0.232737  0.462488  0.153123 
C | 0.288073  0.251494  0.014751  0.004265  0.005852  0.089790  0.669728  0.226012  0.163139 
G | 0.298449  0.061664  0.000341  0.003381  0.003138  0.166927  0.000000  0.087881  0.596443 
T | 0.198293  0.553929  0.940902  0.020049  0.000757  0.067335  0.097535  0.223618  0.087295 

>268_AAT_KLQAF/1..57
A | 0.198678  0.121631  0.072010  0.855839  0.991470  0.378599  0.568261  0.772118  0.102637 
C | 0.276950  0.248073  0.021833  0.003970  0.005167  0.032198  0.010711  0.074010  0.044287 
G | 0.229012  0.103766  0.056256  0.130278  0.003363  0.570141  0.047846  0.050100  0.821065 
T | 0.295359  0.526530  0.849901  0.009913  0.000000  0.019062  0.373183  0.103772  0.032011 

>17_TAT_TRVSA/1..57
A | 0.255774  0.135167  0.022328  0.972565  0.989977  0.005271  0.310331  0.313429  0.153467 
C | 0.278283  0.311032  0.004434  0.010112  0.006009  0.014122  0.021304  0.485312  0.023927 
G | 0.293157  0.063820  0.002087  0.014773  0.003251  0.003736  0.373871  0.042371  0.767589 
T | 0.172786  0.489981  0.971151  0.002551  0.000763  0.976871  0.294494  0.158889  0.055016 

>269_AAT_KVTNF/1..57
A | 0.219489  0.156798  0.039113  0.914534  0.990525  0.370088  0.566557  0.486271  0.120790 
C | 0.298765  0.289759  0.007695  0.051294  0.004622  0.000000  0.000000  0.280334  0.099698 
G | 0.244326  0.084383  0.013008  0.015697  0.004055  0.533487  0.088159  0.047994  0.710674 
T | 0.237419  0.469060  0.940185  0.018475  0.000799  0.096424  0.345284  0.185401  0.068838 

>26_GGT_ALKNM/1..57
A | 0.224577  0.139240  0.077436  0.897704  0.989926  0.119355  0.055324  0.337029  0.173418 
C | 0.282011  0.240493  0.014762  0.021405  0.006417  0.000000  0.053626  0.426943  0.028602 
G | 0.246862  0.107133  0.030346  0.066509  0.002606  0.710660  0.637960  0.005131  0.728809 
T | 0.246550  0.513135  0.877456  0.014382  0.001051  0.169985  0.253090  0.230897  0.069172 

>270_AAG_RAQWF/1..57
A | 0.201904  0.150198  0.153693  0.670255  0.991713  0.470734  0.941217  0.009698  0.057089 
C | 0.259693  0.194606  0.084061  0.000000  0.005479  0.021018  0.006256  0.032032  0.002053 
G | 0.206924  0.127676  0.206265  0.301639  0.002808  0.489951  0.015305  0.929377  0.906058 
T | 0.331478  0.527520  0.555981  0.028106  0.000000  0.018297  0.037223  0.028892  0.034799 

>271_AAC_KLQRF/1..57
A | 0.200835  0.130823  0.073473  0.813359  0.991509  0.394456  0.902184  0.072912  0.136530 
C | 0.282654  0.224607  0.030855  0.000490  0.005092  0.031527  0.016225  0.794051  0.028173 
G | 0.229691  0.118616  0.081390  0.174963  0.003399  0.553047  0.036830  0.045550  0.822020 
T | 0.286820  0.525953  0.814282  0.011189  0.000000  0.020971  0.044761  0.087487  0.013277 

>272_AAC_VAQRC/1..57
A | 0.207365  0.141157  0.055309  0.814894  0.984554  0.492419  0.865305  0.163802  0.203312 
C | 0.279088  0.218624  0.030182  0.000558  0.004554  0.107093  0.027589  0.724529  0.039040 
G | 0.239422  0.115306  0.084180  0.176382  0.005256  0.247582  0.059977  0.053867  0.742255 
T | 0.274125  0.524913  0.830329  0.008166  0.005636  0.152907  0.047129  0.057802  0.015393 

>27_GGT_LTKDQ/1..57
A | 0.224138  0.148402  0.148788  0.948858  0.991888  0.016341  0.018773  0.776343  0.267550 
C | 0.295505  0.275327  0.009036  0.001033  0.005562  0.000000  0.001092  0.112026  0.061442 
G | 0.229661  0.108667  0.024537  0.048647  0.002551  0.950652  0.926766  0.042400  0.625424 
T | 0.250696  0.467604  0.817638  0.001462  0.000000  0.033007  0.053369  0.069230  0.045583 

>28_GGG_RSKER/1..57
A | 0.218078  0.095616  0.086119  0.846141  0.989191  0.138182  0.155543  0.079265  0.294813 
C | 0.296237  0.268955  0.013421  0.000000  0.004681  0.233123  0.013580  0.005759  0.085012 
G | 0.216766  0.111246  0.034648  0.141808  0.004783  0.628695  0.677722  0.905318  0.541458 
T | 0.268918  0.524183  0.865812  0.012051  0.001345  0.000000  0.153155  0.009658  0.078717 

>29_GGC_TLKNQ/1..57
A | 0.231234  0.150287  0.133649  0.895989  0.991843  0.083536  0.040676  0.331269  0.189000 
C | 0.285538  0.255270  0.021807  0.025357  0.005572  0.010314  0.000000  0.468564  0.022317 
G | 0.236348  0.120208  0.043908  0.062152  0.002585  0.816728  0.851201  0.033301  0.728903 
T | 0.246879  0.474236  0.800635  0.016502  0.000000  0.089422  0.108123  0.166867  0.059780 

>2_TTT_RTVSA/1..57
A | 0.255774  0.135167  0.022328  0.972565  0.989977  0.005271  0.310331  0.313429  0.153467 
C | 0.278283  0.311032  0.004434  0.010112  0.006009  0.014122  0.021304  0.485312  0.023927 
G | 0.293157  0.063820  0.002087  0.014773  0.003251  0.003736  0.373871  0.042371  0.767589 
T | 0.172786  0.489981  0.971151  0.002551  0.000763  0.976871  0.294494  0.158889  0.055016 

>301_AAG_RSQWH/1..57
A | 0.213339  0.144851  0.151165  0.676031  0.991443  0.501269  0.947381  0.025877  0.061053 
C | 0.253237  0.192789  0.078626  0.000000  0.005421  0.055287  0.010888  0.015640  0.003219 
G | 0.213929  0.121850  0.198844  0.301807  0.003136  0.349514  0.027099  0.937854  0.899157 
T | 0.319495  0.540509  0.571365  0.022163  0.000000  0.093930  0.014632  0.020629  0.036572 

>18_TAG_RLTQA/1..57
A | 0.239836  0.181455  0.043532  0.889146  0.986538  0.002266  0.099151  0.435067  0.257465 
C | 0.286344  0.339451  0.010596  0.043136  0.004123  0.112675  0.052011  0.000000  0.066042 
G | 0.254735  0.103359  0.009107  0.035496  0.005589  0.025032  0.164976  0.526005  0.577391 
T | 0.219084  0.375734  0.936765  0.032222  0.003751  0.860027  0.683863  0.038928  0.099103 

>302_ATA_LRWNS/1..57
A | 0.210289  0.127849  0.044175  0.937366  0.990236  0.001352  0.324007  0.579477  0.148127 
C | 0.303411  0.276659  0.016543  0.036505  0.005786  0.188371  0.105548  0.244042  0.121619 
G | 0.244921  0.098624  0.003094  0.017725  0.003456  0.509425  0.129538  0.037790  0.635650 
T | 0.241379  0.496868  0.936188  0.008404  0.000522  0.300853  0.440908  0.138691  0.094604 

>303_CTC_VMNRK/1..57
A | 0.225874  0.161755  0.046727  0.917144  0.984086  0.079175  0.216866  0.305160  0.254793 
C | 0.279021  0.232240  0.008964  0.003841  0.005646  0.697059  0.243410  0.598670  0.149143 
G | 0.244649  0.093621  0.011260  0.059187  0.004769  0.223767  0.032495  0.029688  0.534834 
T | 0.250456  0.512384  0.933049  0.019829  0.005500  0.000000  0.507230  0.066482  0.061230 

>304_CTG_TTNQK/1..57
A | 0.245891  0.150027  0.021468  0.983080  0.986834  0.000000  0.036900  0.508917  0.231817 
C | 0.276463  0.237448  0.003356  0.002653  0.007822  0.877811  0.474144  0.082893  0.131869 
G | 0.242116  0.079041  0.000541  0.013870  0.002525  0.061005  0.053233  0.408190  0.531258 
T | 0.235531  0.533484  0.974635  0.000398  0.002819  0.061184  0.435723  0.000000  0.105056 

>305_GAT_VGRLY/1..57
A | 0.152187  0.117700  0.047685  0.802777  0.991073  0.000000  0.697894  0.233397  0.252969 
C | 0.358044  0.314147  0.069917  0.000000  0.005798  0.011682  0.022499  0.234662  0.074755 
G | 0.235844  0.138295  0.052338  0.188685  0.003129  0.982430  0.030712  0.107992  0.642138 
T | 0.253925  0.429858  0.830060  0.008538  0.000000  0.005888  0.248894  0.423949  0.030138 

>306_GCA_RHDRA/1..57
A | 0.213399  0.143164  0.050253  0.973773  0.988373  0.000000  0.189283  0.786635  0.097270 
C | 0.292601  0.286295  0.005441  0.006218  0.005711  0.145744  0.386207  0.158113  0.134090 
G | 0.261401  0.080523  0.002924  0.020008  0.004426  0.664271  0.023602  0.022814  0.657253 
T | 0.232599  0.490018  0.941382  0.000000  0.001490  0.189986  0.400907  0.032438  0.111388 

>307_GCA_RYDRA/1..57
A | 0.213399  0.143164  0.050253  0.973773  0.988373  0.000000  0.189283  0.786635  0.097270 
C | 0.292601  0.286295  0.005441  0.006218  0.005711  0.145744  0.386207  0.158113  0.134090 
G | 0.261401  0.080523  0.002924  0.020008  0.004426  0.664271  0.023602  0.022814  0.657253 
T | 0.232599  0.490018  0.941382  0.000000  0.001490  0.189986  0.400907  0.032438  0.111388 

>308_GCG_RLDRF/1..57
A | 0.198549  0.120795  0.060174  0.950855  0.990372  0.043145  0.763407  0.230078  0.097477 
C | 0.310268  0.251012  0.011518  0.007791  0.005762  0.051392  0.134588  0.550079  0.092132 
G | 0.246486  0.084468  0.021391  0.041354  0.003679  0.905463  0.024851  0.001792  0.747327 
T | 0.244698  0.543726  0.906917  0.000000  0.000187  0.000000  0.077154  0.218052  0.063064 

>309_GCG_RLDRY/1..57
A | 0.170419  0.113626  0.045335  0.975349  0.989549  0.007268  0.649393  0.412676  0.097468 
C | 0.339060  0.281843  0.017542  0.004043  0.006041  0.036660  0.248273  0.351066  0.104858 
G | 0.243338  0.092060  0.010653  0.020608  0.003913  0.955889  0.034563  0.023426  0.719005 
T | 0.247182  0.512471  0.926469  0.000000  0.000497  0.000184  0.067771  0.212832  0.078669 

>30_GGA_LAKDQ/1..57
A | 0.224138  0.148402  0.148788  0.948858  0.991888  0.016341  0.018773  0.776343  0.267550 
C | 0.295505  0.275327  0.009036  0.001033  0.005562  0.000000  0.001092  0.112026  0.061442 
G | 0.229661  0.108667  0.024537  0.048647  0.002551  0.950652  0.926766  0.042400  0.625424 
T | 0.250696  0.467604  0.817638  0.001462  0.000000  0.033007  0.053369  0.069230  0.045583 

>310_GTC_YRRGA/1..57
A | 0.188083  0.127684  0.070706  0.863437  0.989550  0.006319  0.021345  0.840429  0.219183 
C | 0.308592  0.304924  0.095221  0.002962  0.006019  0.034733  0.035683  0.130480  0.128325 
G | 0.232614  0.123831  0.050132  0.116666  0.003025  0.867026  0.058646  0.010126  0.563713 
T | 0.270711  0.443562  0.783941  0.016935  0.001406  0.091922  0.884326  0.018964  0.088779 

